chr	size	sample	num_plants	shape	rate
2	19698289	P2	443	1.58629818368826	1.34881016386545
2	19698289	P3	379	1.25386395653049	1.3462165425639
2	19698289	P6	451	1.37691571526776	1.37386944156142
2	19698289	P7	418	1.60141096572114	1.27990398407541
2	19698289	P8	427	1.67869238584932	1.53490717078728
2	19698289	P9	445	1.49333970491607	1.32907233737531
2	19698289	P10	409	1.56798492399478	1.53056284943644
2	19698289	P12	453	1.30276721909685	1.16401094724038
2	19698289	P15	434	1.48155351120629	1.42570781344463
2	19698289	P17	377	1.27377968303987	0.962354590192447
2	19698289	P19	384	2.15744054065763	1.66023480483473
2	19698289	P20	342	1.74993207137035	1.43519608731093
2	19698289	P35	438	1.85527193799359	1.61552506727871
2	19698289	P66	435	1.73245824061294	1.5193938198924
2	19698289	P129	462	1.21617354406855	1.19293455915004
2	19698289	P145	234	1.68519459676341	1.57105791092684
2	19698289	P169	447	1.69857565793962	1.52156977775352
