P2	P3	P6	P7	P8	P9	P10	P12	P15	P17	P19	P20	P35	P66	P129	P145	P169	
2.0	2.0	1.0	1.0	1.0	1.0	1.0	2.0	2.0	2.0	3.0	0.0	0.0	1.0	3.0	0.0	2.0	
0.0	1.0	1.0	2.0	0.0	0.0	3.0	0.0	2.0	0.0	3.0	2.0	3.0	2.0	1.0	1.0	0.0	
0.0	1.0	0.0	0.0	1.0	1.0	3.0	1.0	4.0	5.0	2.0	2.0	2.0	1.0	0.0	2.0	2.0	
2.0	2.0	0.0	0.0	2.0	2.0	1.0	1.0	0.0	3.0	1.0	2.0	3.0	1.0	2.0	1.0	2.0	
2.0	1.0	2.0	1.0	1.0	1.0	3.0	3.0	1.0	3.0	0.0	2.0	1.0	1.0	2.0	3.0	3.0	
1.0	3.0	1.0	1.0	1.0	2.0	2.0	0.0	1.0	1.0	3.0	2.0	1.0	0.0	1.0	1.0	2.0	
2.0	1.0	1.0	0.0	1.0	6.0	0.0	1.0	0.0	2.0	1.0	1.0	2.0	3.0	1.0	5.0	0.0	
1.0	2.0	3.0	1.0	2.0	1.0	1.0	1.0	0.0	0.0	1.0	0.0	2.0	2.0	0.0	0.0	2.0	
0.0	2.0	1.0	2.0	2.0	2.0	0.0	1.0	0.0	3.0	1.0	1.0	2.0	1.0	0.0	1.0	0.0	
2.0	2.0	1.0	2.0	1.0	2.0	1.0	1.0	2.0	2.0	3.0	2.0	2.0	1.0	2.0	1.0	2.0	
1.0	0.0	0.0	3.0	2.0	1.0	0.0	0.0	0.0	1.0	1.0	1.0	1.0	0.0	1.0	1.0	1.0	
0.0	0.0	1.0	2.0	2.0	2.0	1.0	0.0	1.0	0.0	2.0	1.0	2.0	2.0	1.0	2.0	2.0	
1.0	2.0	0.0	1.0	2.0	1.0	1.0	1.0	1.0	1.0	0.0	1.0	4.0	1.0	2.0	0.0	0.0	
0.0	1.0	0.0	2.0	0.0	1.0	1.0	0.0	1.0	3.0	0.0	0.0	1.0	1.0	2.0	0.0	2.0	
2.0	0.0	1.0	1.0	0.0	1.0	0.0	1.0	1.0	0.0	2.0	1.0	2.0	1.0	1.0	3.0	0.0	
2.0	1.0	0.0	2.0	1.0	0.0	2.0	2.0	1.0	2.0	1.0	2.0	2.0	2.0	1.0	0.0	2.0	
4.0	3.0	1.0	1.0	0.0	3.0	1.0	0.0	1.0	2.0	1.0	1.0	3.0	0.0	2.0	2.0	1.0	
1.0	1.0	0.0	0.0	3.0	2.0	2.0	2.0	0.0	1.0	1.0	2.0	2.0	2.0	2.0	1.0	1.0	
2.0	2.0	1.0	0.0	1.0	2.0	2.0	0.0	2.0	2.0	1.0	2.0	2.0	0.0	2.0	1.0	1.0	
1.0	1.0	1.0	3.0	0.0	3.0	2.0	0.0	1.0	1.0	2.0	0.0	2.0	1.0	1.0	1.0	2.0	
0.0	1.0	0.0	2.0	1.0	2.0	1.0	0.0	3.0	3.0	1.0	4.0	2.0	0.0	2.0	2.0	1.0	
1.0	1.0	1.0	1.0	1.0	1.0	1.0	3.0	2.0	2.0	0.0	1.0	2.0	3.0	0.0	1.0	2.0	
1.0	3.0	2.0	2.0	0.0	2.0	3.0	1.0	3.0	2.0	1.0	3.0	0.0	0.0	2.0	2.0	3.0	
2.0	1.0	2.0	1.0	2.0	2.0	1.0	2.0	1.0	2.0	2.0	1.0	1.0	0.0	4.0	3.0	0.0	
1.0	1.0	2.0	2.0	0.0	0.0	0.0	0.0	2.0	0.0	0.0	2.0	1.0	1.0	2.0	1.0	1.0	
1.0	1.0	0.0	1.0	1.0	1.0	2.0	1.0	1.0	2.0	2.0	3.0	1.0	1.0	0.0	2.0	2.0	
1.0	0.0	0.0	3.0	1.0	1.0	3.0	1.0	3.0	2.0	1.0	3.0	2.0	1.0	1.0	3.0	0.0	
2.0	1.0	0.0	0.0	0.0	0.0	1.0	2.0	2.0	2.0	3.0	0.0	1.0	2.0	1.0	1.0	0.0	
1.0	0.0	4.0	2.0	0.0	1.0	2.0	2.0	1.0	3.0	3.0	2.0	3.0	0.0	3.0	0.0	1.0	
3.0	2.0	1.0	0.0	0.0	1.0	2.0	1.0	1.0	0.0	0.0	3.0	0.0	2.0	0.0	0.0	1.0	
0.0	3.0	2.0	2.0	1.0	1.0	3.0	0.0	2.0	2.0	1.0	2.0	1.0	1.0	1.0	1.0	3.0	
1.0	3.0	1.0	2.0	4.0	3.0	0.0	4.0	2.0	3.0	4.0	1.0	1.0	0.0	1.0	1.0	2.0	
3.0	2.0	1.0	2.0	0.0	2.0	1.0	2.0	2.0	2.0	1.0	3.0	3.0	1.0	1.0	3.0	1.0	
2.0	1.0	2.0	1.0	1.0	1.0	0.0	2.0	3.0	0.0	1.0	2.0	2.0	2.0	1.0	2.0	0.0	
2.0	1.0	0.0	0.0	2.0	1.0	1.0	1.0	2.0	3.0	1.0	0.0	1.0	1.0	0.0	2.0	1.0	
2.0	3.0	1.0	1.0	1.0	0.0	1.0	1.0	0.0	2.0	1.0	0.0	2.0	1.0	3.0	0.0	2.0	
0.0	2.0	1.0	1.0	2.0	2.0	1.0	1.0	1.0	0.0	2.0	1.0	2.0	3.0	0.0	1.0	1.0	
1.0	2.0	3.0	0.0	1.0	2.0	1.0	4.0	0.0	0.0	1.0	3.0	0.0	2.0	1.0	3.0	1.0	
1.0	2.0	2.0	1.0	1.0	2.0	1.0	0.0	2.0	1.0	1.0	2.0	0.0	1.0	1.0	0.0	1.0	
1.0	1.0	1.0	1.0	0.0	0.0	2.0	0.0	0.0	1.0	0.0	1.0	2.0	1.0	1.0	0.0	2.0	
0.0	0.0	2.0	1.0	0.0	1.0	1.0	2.0	0.0	0.0	3.0	0.0	1.0	2.0	2.0	2.0	0.0	
2.0	1.0	2.0	1.0	0.0	1.0	1.0	3.0	1.0	3.0	1.0	1.0	3.0	2.0	1.0	2.0	0.0	
1.0	2.0	3.0	2.0	0.0	3.0	1.0	0.0	2.0	3.0	2.0	3.0	0.0	0.0	4.0	0.0	1.0	
2.0	3.0	0.0	0.0	2.0	0.0	2.0	1.0	0.0	2.0	1.0	1.0	2.0	0.0	2.0	2.0	2.0	
0.0	1.0	0.0	2.0	3.0	2.0	2.0	2.0	0.0	1.0	2.0	2.0	1.0	2.0	0.0	1.0	1.0	
2.0	4.0	4.0	0.0	2.0	1.0	1.0	1.0	1.0	1.0	1.0	1.0	2.0	1.0	1.0	3.0	2.0	
1.0	3.0	1.0	1.0	0.0	2.0	2.0	1.0	1.0	1.0	1.0	2.0	1.0	2.0	4.0	2.0	0.0	
2.0	2.0	1.0	2.0	1.0	2.0	2.0	1.0	1.0	2.0	1.0	3.0	2.0	1.0	1.0	1.0	1.0	
0.0	1.0	0.0	1.0	2.0	1.0	1.0	2.0	0.0	1.0	2.0	2.0	5.0	2.0	0.0	0.0	1.0	
3.0	1.0	2.0	2.0	1.0	2.0	2.0	1.0	2.0	2.0	2.0	2.0	3.0	3.0	3.0	0.0	0.0	
1.0	1.0	1.0	2.0	0.0	0.0	1.0	2.0	1.0	1.0	2.0	2.0	1.0	1.0	2.0	0.0	0.0	
1.0	1.0	0.0	1.0	2.0	2.0	2.0	2.0	0.0	0.0	2.0	1.0	2.0	2.0	1.0	3.0	1.0	
0.0	0.0	3.0	2.0	1.0	2.0	1.0	1.0	1.0	0.0	1.0	0.0	1.0	1.0	0.0	3.0	2.0	
0.0	2.0	2.0	2.0	1.0	2.0	1.0	1.0	0.0	1.0	1.0	1.0	0.0	0.0	0.0	1.0	2.0	
2.0	1.0	1.0	1.0	1.0	1.0	2.0	0.0	0.0	3.0	2.0	2.0	1.0	1.0	1.0	3.0	2.0	
2.0	3.0	4.0	3.0	2.0	1.0	2.0	1.0	1.0	1.0	2.0	2.0	1.0	2.0	2.0	2.0	4.0	
1.0	2.0	1.0	1.0	1.0	2.0	0.0	0.0	1.0	1.0	0.0	1.0	2.0	2.0	4.0	2.0	2.0	
1.0	1.0	2.0	2.0	1.0	0.0	0.0	1.0	1.0	0.0	1.0	2.0	2.0	0.0	0.0	1.0	1.0	
2.0	2.0	0.0	1.0	3.0	3.0	3.0	1.0	0.0	0.0	1.0	1.0	1.0	2.0	1.0	4.0	2.0	
2.0	3.0	1.0	1.0	0.0	3.0	1.0	1.0	0.0	1.0	2.0	2.0	0.0	3.0	1.0	1.0	1.0	
2.0	1.0	3.0	1.0	1.0	0.0	2.0	2.0	1.0	2.0	0.0	0.0	2.0	1.0	1.0	2.0	0.0	
2.0	1.0	2.0	1.0	0.0	0.0	2.0	2.0	1.0	1.0	2.0	2.0	1.0	3.0	4.0	1.0	1.0	
1.0	0.0	1.0	2.0	2.0	0.0	1.0	2.0	3.0	1.0	3.0	1.0	2.0	3.0	2.0	1.0	0.0	
2.0	2.0	2.0	0.0	0.0	4.0	3.0	2.0	1.0	1.0	1.0	2.0	3.0	0.0	3.0	2.0	2.0	
1.0	2.0	1.0	2.0	2.0	1.0	1.0	1.0	2.0	1.0	1.0	1.0	1.0	1.0	1.0	2.0	3.0	
1.0	1.0	3.0	0.0	1.0	0.0	2.0	1.0	1.0	1.0	3.0	1.0	0.0	2.0	1.0	1.0	1.0	
2.0	2.0	0.0	1.0	3.0	2.0	2.0	2.0	2.0	1.0	1.0	2.0	1.0	1.0	2.0	2.0	0.0	
1.0	1.0	1.0	2.0	2.0	0.0	1.0	1.0	0.0	4.0	1.0	2.0	0.0	0.0	1.0	1.0	2.0	
2.0	2.0	2.0	0.0	1.0	1.0	2.0	2.0	1.0	1.0	1.0	3.0	1.0	3.0	1.0	2.0	1.0	
0.0	0.0	2.0	3.0	1.0	1.0	1.0	3.0	1.0	3.0	1.0	3.0	0.0	3.0	1.0	2.0	2.0	
0.0	2.0	3.0	1.0	3.0	1.0	1.0	3.0	1.0	2.0	1.0	1.0	1.0	2.0	1.0	3.0	1.0	
2.0	1.0	2.0	2.0	1.0	1.0	1.0	2.0	3.0	1.0	2.0	2.0	1.0	1.0	0.0	1.0	3.0	
4.0	2.0	0.0	2.0	1.0	1.0	1.0	0.0	3.0	0.0	2.0	3.0	0.0	1.0	1.0	0.0	2.0	
3.0	0.0	1.0	3.0	1.0	2.0	1.0	2.0	0.0	1.0	3.0	2.0	1.0	2.0	1.0	2.0	2.0	
0.0	2.0	1.0	1.0	0.0	2.0	2.0	3.0	1.0	3.0	1.0	3.0	1.0	4.0	2.0	1.0	2.0	
2.0	2.0	1.0	1.0	1.0	1.0	1.0	1.0	1.0	3.0	2.0	2.0	2.0	1.0	2.0	0.0	2.0	
1.0	2.0	0.0	1.0	1.0	3.0	0.0	1.0	2.0	3.0	0.0	2.0	0.0	2.0	0.0	3.0	1.0	
2.0	4.0	2.0	2.0	1.0	1.0	2.0	1.0	2.0	1.0	1.0	1.0	0.0	1.0	0.0	1.0	0.0	
2.0	1.0	2.0	0.0	1.0	1.0	1.0	1.0	1.0	2.0	2.0	3.0	2.0	2.0	1.0	2.0	2.0	
1.0	0.0	0.0	1.0	1.0	2.0	2.0	2.0	1.0	1.0	1.0	1.0	0.0	3.0	2.0	1.0	3.0	
3.0	2.0	0.0	1.0	1.0	0.0	2.0	3.0	2.0	1.0	2.0	1.0	1.0	0.0	2.0	1.0	0.0	
1.0	2.0	2.0	2.0	2.0	1.0	2.0	1.0	2.0	0.0	2.0	1.0	2.0	3.0	0.0	1.0	1.0	
0.0	2.0	2.0	2.0	1.0	2.0	1.0	1.0	2.0	1.0	2.0	0.0	1.0	2.0	3.0	3.0	1.0	
2.0	2.0	0.0	1.0	2.0	1.0	0.0	1.0	2.0	0.0	2.0	1.0	1.0	4.0	2.0	2.0	3.0	
1.0	1.0	1.0	3.0	2.0	2.0	0.0	2.0	0.0	2.0	0.0	3.0	1.0	2.0	1.0	0.0	4.0	
3.0	2.0	0.0	1.0	1.0	1.0	0.0	3.0	1.0	0.0	1.0	2.0	2.0	0.0	2.0	2.0	1.0	
0.0	2.0	1.0	0.0	4.0	0.0	3.0	3.0	1.0	2.0	2.0	2.0	0.0	1.0	3.0	1.0	2.0	
0.0	1.0	1.0	0.0	2.0	2.0	0.0	2.0	3.0	0.0	4.0	3.0	0.0	2.0	3.0	2.0	1.0	
1.0	3.0	2.0	1.0	2.0	2.0	2.0	3.0	2.0	2.0	1.0	3.0	1.0	0.0	2.0	1.0	2.0	
3.0	3.0	2.0	0.0	1.0	1.0	0.0	2.0	3.0	3.0	2.0	0.0	0.0	0.0	2.0	2.0	2.0	
0.0	3.0	1.0	2.0	1.0	1.0	0.0	1.0	0.0	1.0	2.0	2.0	1.0	2.0	0.0	1.0	1.0	
2.0	3.0	2.0	2.0	0.0	0.0	3.0	2.0	1.0	1.0	2.0	0.0	2.0	0.0	0.0	1.0	0.0	
1.0	3.0	2.0	1.0	0.0	0.0	1.0	3.0	2.0	1.0	1.0	3.0	2.0	2.0	1.0	2.0	2.0	
1.0	3.0	2.0	1.0	4.0	1.0	2.0	0.0	1.0	0.0	1.0	3.0	0.0	3.0	0.0	1.0	3.0	
2.0	2.0	0.0	0.0	2.0	1.0	0.0	2.0	1.0	1.0	0.0	2.0	2.0	2.0	1.0	2.0	1.0	
2.0	2.0	0.0	3.0	1.0	0.0	2.0	1.0	3.0	0.0	1.0	2.0	0.0	1.0	2.0	1.0	2.0	
1.0	2.0	0.0	2.0	2.0	1.0	1.0	1.0	0.0	3.0	3.0	5.0	0.0	2.0	1.0	0.0	1.0	
2.0	4.0	2.0	0.0	2.0	1.0	2.0	0.0	1.0	0.0	1.0	3.0	1.0	2.0	2.0	2.0	2.0	
1.0	2.0	0.0	1.0	0.0	2.0	1.0	1.0	0.0	3.0	1.0	2.0	1.0	1.0	1.0	0.0	1.0	
1.0	3.0	0.0	4.0	1.0	1.0	0.0	1.0	1.0	2.0	1.0	0.0	4.0	1.0	2.0	0.0	2.0	
1.0	2.0	1.0	1.0	0.0	1.0	2.0	0.0	1.0	1.0	0.0	0.0	1.0	0.0	0.0	3.0	1.0	
1.0	3.0	2.0	2.0	1.0	0.0	1.0	1.0	1.0	1.0	1.0	2.0	1.0	3.0	1.0	1.0	1.0	
1.0	3.0	1.0	2.0	1.0	2.0	0.0	1.0	0.0	0.0	1.0	3.0	1.0	1.0	0.0	1.0	0.0	
1.0	1.0	2.0	1.0	0.0	0.0	2.0	2.0	2.0	2.0	2.0	4.0	3.0	1.0	1.0	3.0	1.0	
0.0	2.0	1.0	1.0	2.0	0.0	0.0	1.0	2.0	2.0	2.0	4.0	2.0	2.0	2.0	2.0	1.0	
3.0	2.0	1.0	0.0	2.0	3.0	2.0	0.0	2.0	3.0	2.0	1.0	0.0	2.0	3.0	3.0	2.0	
1.0	2.0	1.0	0.0	2.0	0.0	0.0	3.0	1.0	0.0	0.0	1.0	1.0	0.0	2.0	1.0	1.0	
1.0	1.0	1.0	1.0	1.0	2.0	0.0	3.0	0.0	1.0	2.0	3.0	0.0	1.0	1.0	2.0	2.0	
1.0	1.0	0.0	1.0	2.0	0.0	1.0	3.0	1.0	2.0	0.0	2.0	2.0	0.0	1.0	0.0	0.0	
1.0	3.0	1.0	2.0	2.0	1.0	1.0	3.0	2.0	0.0	1.0	2.0	1.0	2.0	2.0	2.0	1.0	
2.0	2.0	2.0	1.0	1.0	2.0	0.0	3.0	1.0	1.0	1.0	3.0	0.0	1.0	2.0	1.0	2.0	
1.0	2.0	1.0	1.0	1.0	1.0	1.0	2.0	0.0	0.0	0.0	1.0	0.0	1.0	1.0	0.0	0.0	
1.0	0.0	2.0	3.0	3.0	2.0	1.0	2.0	1.0	1.0	1.0	2.0	2.0	3.0	0.0	0.0	2.0	
2.0	2.0	1.0	1.0	1.0	2.0	2.0	3.0	0.0	1.0	1.0	0.0	1.0	1.0	1.0	2.0	1.0	
0.0	1.0	1.0	2.0	1.0	1.0	2.0	1.0	2.0	1.0	1.0	3.0	2.0	2.0	1.0	1.0	2.0	
0.0	2.0	0.0	2.0	3.0	2.0	2.0	0.0	3.0	1.0	1.0	2.0	2.0	2.0	1.0	2.0	2.0	
0.0	0.0	2.0	2.0	2.0	3.0	0.0	2.0	1.0	4.0	0.0	0.0	1.0	1.0	2.0	3.0	1.0	
0.0	4.0	3.0	1.0	1.0	0.0	1.0	0.0	1.0	1.0	3.0	0.0	0.0	1.0	2.0	3.0	2.0	
0.0	0.0	0.0	2.0	1.0	2.0	2.0	2.0	2.0	0.0	3.0	4.0	2.0	1.0	1.0	0.0	1.0	
1.0	3.0	1.0	1.0	1.0	0.0	1.0	1.0	2.0	0.0	1.0	2.0	2.0	2.0	0.0	2.0	0.0	
0.0	3.0	2.0	0.0	0.0	3.0	2.0	2.0	1.0	1.0	1.0	2.0	0.0	1.0	1.0	2.0	0.0	
1.0	5.0	1.0	1.0	3.0	1.0	1.0	1.0	0.0	1.0	2.0	1.0	1.0	3.0	1.0	0.0	1.0	
1.0	0.0	2.0	0.0	3.0	1.0	1.0	1.0	0.0	2.0	1.0	1.0	5.0	1.0	1.0	4.0	0.0	
1.0	1.0	1.0	2.0	2.0	2.0	2.0	1.0	0.0	4.0	0.0	1.0	3.0	1.0	2.0	1.0	1.0	
2.0	1.0	0.0	2.0	1.0	1.0	1.0	2.0	3.0	0.0	2.0	2.0	2.0	2.0	0.0	3.0	2.0	
3.0	2.0	0.0	0.0	0.0	2.0	1.0	2.0	0.0	2.0	0.0	2.0	0.0	0.0	1.0	1.0	2.0	
0.0	1.0	1.0	1.0	3.0	2.0	2.0	3.0	0.0	0.0	3.0	2.0	1.0	2.0	2.0	2.0	2.0	
1.0	1.0	0.0	2.0	1.0	1.0	1.0	2.0	2.0	1.0	1.0	1.0	1.0	1.0	2.0	1.0	1.0	
1.0	2.0	1.0	2.0	2.0	1.0	0.0	0.0	3.0	1.0	2.0	2.0	1.0	0.0	1.0	2.0	4.0	
2.0	3.0	3.0	0.0	3.0	2.0	2.0	1.0	0.0	2.0	2.0	1.0	2.0	3.0	1.0	2.0	1.0	
2.0	2.0	0.0	2.0	1.0	0.0	4.0	0.0	2.0	1.0	3.0	2.0	1.0	3.0	1.0	2.0	0.0	
1.0	3.0	0.0	2.0	1.0	3.0	4.0	2.0	1.0	0.0	3.0	0.0	1.0	0.0	1.0	2.0	2.0	
3.0	2.0	1.0	2.0	1.0	1.0	2.0	2.0	0.0	0.0	4.0	2.0	1.0	0.0	1.0	1.0	2.0	
1.0	1.0	2.0	3.0	0.0	1.0	1.0	1.0	2.0	0.0	4.0	2.0	0.0	0.0	1.0	2.0	1.0	
2.0	0.0	2.0	2.0	0.0	1.0	1.0	4.0	2.0	0.0	2.0	2.0	2.0	1.0	2.0	2.0	1.0	
2.0	0.0	1.0	1.0	1.0	1.0	1.0	0.0	1.0	4.0	1.0	1.0	1.0	1.0	2.0	2.0	1.0	
2.0	0.0	1.0	2.0	1.0	1.0	2.0	1.0	1.0	0.0	1.0	2.0	0.0	1.0	0.0	2.0	1.0	
0.0	0.0	0.0	2.0	0.0	3.0	1.0	1.0	2.0	2.0	1.0	1.0	0.0	2.0	1.0	1.0	1.0	
3.0	0.0	2.0	1.0	1.0	1.0	0.0	0.0	0.0	1.0	2.0	1.0	1.0	0.0	2.0	1.0	1.0	
2.0	2.0	1.0	2.0	2.0	0.0	2.0	3.0	1.0	13.0	1.0	4.0	4.0	0.0	0.0	1.0	1.0	
2.0	0.0	1.0	3.0	0.0	2.0	1.0	3.0	1.0	2.0	1.0	1.0	1.0	2.0	0.0	1.0	0.0	
2.0	1.0	1.0	3.0	2.0	1.0	3.0	1.0	2.0	0.0	1.0	2.0	1.0	1.0	0.0	2.0	2.0	
1.0	0.0	3.0	1.0	0.0	2.0	1.0	2.0	2.0	3.0	5.0	2.0	3.0	1.0	2.0	0.0	1.0	
1.0	1.0	2.0	0.0	2.0	1.0	0.0	2.0	1.0	2.0	0.0	0.0	0.0	1.0	1.0	0.0	0.0	
1.0	1.0	1.0	0.0	0.0	1.0	2.0	2.0	1.0	3.0	1.0	1.0	3.0	1.0	1.0	3.0	1.0	
2.0	2.0	1.0	1.0	2.0	2.0	1.0	3.0	0.0	1.0	1.0	2.0	0.0	1.0	0.0	2.0	1.0	
0.0	2.0	2.0	1.0	1.0	1.0	1.0	1.0	1.0	3.0	2.0	3.0	1.0	2.0	2.0	2.0	2.0	
1.0	1.0	1.0	0.0	0.0	1.0	0.0	2.0	3.0	2.0	2.0	0.0	1.0	0.0	1.0	2.0	0.0	
0.0	0.0	1.0	1.0	2.0	3.0	1.0	2.0	0.0	2.0	2.0	1.0	1.0	0.0	1.0	0.0	1.0	
2.0	0.0	3.0	1.0	1.0	1.0	1.0	0.0	1.0	0.0	1.0	2.0	0.0	1.0	0.0	0.0	0.0	
2.0	2.0	3.0	4.0	2.0	2.0	0.0	0.0	1.0	2.0	3.0	0.0	0.0	0.0	1.0	1.0	1.0	
1.0	3.0	0.0	3.0	1.0	1.0	0.0	1.0	1.0	1.0	1.0	2.0	2.0	0.0	1.0	2.0	1.0	
0.0	2.0	1.0	1.0	2.0	1.0	1.0	2.0	1.0	1.0	4.0	1.0	0.0	1.0	2.0	2.0	3.0	
1.0	0.0	2.0	2.0	1.0	3.0	1.0	1.0	1.0	2.0	1.0	4.0	1.0	1.0	1.0	1.0	2.0	
1.0	2.0	2.0	1.0	1.0	0.0	2.0	1.0	0.0	3.0	0.0	1.0	1.0	3.0	1.0	3.0	0.0	
1.0	2.0	1.0	1.0	3.0	1.0	1.0	0.0	0.0	2.0	1.0	1.0	2.0	2.0	1.0	3.0	1.0	
3.0	2.0	0.0	1.0	2.0	1.0	1.0	0.0	2.0	0.0	1.0	1.0	0.0	1.0	4.0	2.0	2.0	
0.0	0.0	1.0	1.0	0.0	2.0	3.0	0.0	1.0	0.0	3.0	2.0	0.0	1.0	2.0	0.0	1.0	
2.0	3.0	1.0	2.0	0.0	1.0	2.0	2.0	1.0	2.0	1.0	1.0	1.0	3.0	1.0	0.0	1.0	
1.0	2.0	0.0	3.0	3.0	0.0	0.0	0.0	1.0	2.0	1.0	1.0	1.0	0.0	2.0	0.0	2.0	
3.0	0.0	1.0	2.0	2.0	0.0	2.0	3.0	1.0	1.0	2.0	2.0	2.0	1.0	3.0	1.0	1.0	
1.0	2.0	3.0	1.0	3.0	1.0	1.0	2.0	1.0	1.0	1.0	0.0	1.0	2.0	2.0	1.0	1.0	
1.0	1.0	1.0	2.0	2.0	1.0	2.0	2.0	1.0	3.0	0.0	0.0	0.0	3.0	0.0	1.0	1.0	
0.0	2.0	1.0	1.0	1.0	1.0	3.0	1.0	1.0	3.0	2.0	3.0	3.0	2.0	0.0	1.0	1.0	
2.0	2.0	0.0	2.0	1.0	2.0	3.0	0.0	1.0	3.0	2.0	2.0	1.0	1.0	1.0	1.0	2.0	
2.0	2.0	3.0	1.0	2.0	1.0	0.0	1.0	2.0	3.0	1.0	0.0	2.0	1.0	2.0	1.0	1.0	
1.0	1.0	0.0	3.0	1.0	1.0	0.0	1.0	2.0	3.0	1.0	2.0	0.0	2.0	2.0	0.0	2.0	
2.0	3.0	0.0	2.0	2.0	0.0	3.0	3.0	1.0	3.0	1.0	2.0	2.0	0.0	0.0	3.0	2.0	
0.0	4.0	0.0	1.0	2.0	2.0	3.0	0.0	2.0	0.0	4.0	1.0	1.0	0.0	2.0	1.0	0.0	
0.0	0.0	1.0	1.0	3.0	0.0	2.0	0.0	2.0	0.0	1.0	2.0	4.0	1.0	1.0	2.0	3.0	
2.0	3.0	1.0	1.0	1.0	3.0	0.0	1.0	0.0	0.0	5.0	1.0	3.0	3.0	0.0	1.0	1.0	
2.0	1.0	2.0	3.0	2.0	1.0	1.0	2.0	4.0	2.0	2.0	1.0	0.0	4.0	1.0	3.0	0.0	
1.0	0.0	1.0	1.0	1.0	1.0	1.0	1.0	3.0	1.0	2.0	1.0	1.0	0.0	1.0	1.0	0.0	
1.0	1.0	3.0	2.0	1.0	1.0	1.0	2.0	2.0	2.0	2.0	3.0	1.0	1.0	1.0	3.0	0.0	
2.0	1.0	0.0	2.0	2.0	1.0	1.0	1.0	2.0	2.0	1.0	2.0	2.0	1.0	2.0	2.0	1.0	
1.0	0.0	2.0	0.0	1.0	2.0	1.0	1.0	2.0	1.0	1.0	3.0	0.0	0.0	0.0	0.0	1.0	
1.0	1.0	2.0	1.0	1.0	1.0	1.0	1.0	0.0	0.0	2.0	0.0	1.0	2.0	2.0	0.0	1.0	
1.0	2.0	1.0	1.0	2.0	0.0	1.0	1.0	1.0	1.0	1.0	1.0	1.0	2.0	0.0	1.0	1.0	
3.0	0.0	1.0	0.0	3.0	2.0	1.0	1.0	0.0	3.0	1.0	0.0	1.0	1.0	3.0	3.0	0.0	
1.0	3.0	2.0	1.0	1.0	1.0	2.0	0.0	1.0	0.0	1.0	1.0	0.0	0.0	2.0	2.0	2.0	
0.0	1.0	0.0	3.0	1.0	3.0	2.0	2.0	1.0	1.0	1.0	1.0	4.0	2.0	2.0	1.0	0.0	
0.0	1.0	1.0	0.0	0.0	1.0	1.0	1.0	0.0	1.0	3.0	0.0	1.0	1.0	2.0	1.0	1.0	
2.0	1.0	2.0	0.0	2.0	0.0	1.0	2.0	2.0	1.0	4.0	2.0	3.0	2.0	1.0	1.0	1.0	
1.0	0.0	0.0	0.0	2.0	2.0	2.0	2.0	1.0	1.0	2.0	0.0	1.0	1.0	2.0	1.0	0.0	
2.0	2.0	2.0	0.0	1.0	0.0	0.0	2.0	0.0	2.0	2.0	1.0	1.0	2.0	1.0	1.0	1.0	
2.0	0.0	1.0	1.0	0.0	1.0	2.0	1.0	1.0	2.0	1.0	0.0	3.0	2.0	1.0	1.0	1.0	
3.0	2.0	0.0	1.0	1.0	0.0	0.0	1.0	1.0	0.0	2.0	3.0	3.0	3.0	0.0	2.0	1.0	
3.0	3.0	1.0	2.0	1.0	1.0	3.0	2.0	1.0	0.0	0.0	1.0	0.0	1.0	1.0	1.0	3.0	
0.0	2.0	4.0	1.0	2.0	0.0	0.0	0.0	1.0	2.0	1.0	1.0	1.0	0.0	2.0	3.0	1.0	
0.0	1.0	3.0	0.0	0.0	0.0	2.0	0.0	2.0	2.0	0.0	1.0	1.0	2.0	2.0	3.0	1.0	
0.0	2.0	1.0	1.0	0.0	2.0	1.0	0.0	1.0	1.0	1.0	1.0	1.0	0.0	0.0	3.0	2.0	
0.0	2.0	1.0	1.0	1.0	0.0	2.0	0.0	3.0	1.0	0.0	3.0	3.0	1.0	1.0	1.0	0.0	
0.0	3.0	1.0	0.0	3.0	2.0	2.0	1.0	3.0	1.0	2.0	0.0	1.0	2.0	0.0	1.0	3.0	
1.0	0.0	0.0	0.0	1.0	2.0	1.0	2.0	0.0	1.0	2.0	0.0	1.0	1.0	1.0	2.0	1.0	
1.0	2.0	1.0	2.0	0.0	1.0	0.0	2.0	2.0	2.0	0.0	1.0	3.0	0.0	3.0	1.0	1.0	
1.0	0.0	0.0	1.0	2.0	1.0	1.0	2.0	1.0	3.0	1.0	2.0	0.0	2.0	0.0	2.0	0.0	
1.0	0.0	1.0	1.0	1.0	4.0	0.0	1.0	2.0	4.0	2.0	1.0	0.0	1.0	1.0	2.0	2.0	
1.0	1.0	1.0	1.0	3.0	1.0	0.0	2.0	2.0	4.0	2.0	1.0	1.0	2.0	2.0	1.0	0.0	
0.0	1.0	0.0	0.0	2.0	1.0	0.0	3.0	1.0	4.0	3.0	2.0	1.0	2.0	0.0	1.0	1.0	
1.0	2.0	0.0	0.0	2.0	1.0	1.0	0.0	1.0	2.0	2.0	0.0	2.0	2.0	2.0	3.0	1.0	
2.0	1.0	2.0	2.0	2.0	2.0	1.0	1.0	2.0	1.0	1.0	3.0	0.0	1.0	2.0	2.0	1.0	
2.0	0.0	1.0	0.0	1.0	2.0	1.0	1.0	2.0	1.0	2.0	0.0	2.0	1.0	1.0	1.0	0.0	
2.0	1.0	1.0	2.0	3.0	2.0	0.0	3.0	2.0	1.0	0.0	5.0	1.0	1.0	1.0	3.0	0.0	
1.0	1.0	2.0	1.0	0.0	1.0	0.0	2.0	1.0	0.0	2.0	1.0	1.0	1.0	1.0	2.0	1.0	
2.0	0.0	2.0	1.0	1.0	2.0	3.0	0.0	0.0	1.0	1.0	2.0	0.0	1.0	1.0	3.0	1.0	
0.0	2.0	1.0	2.0	3.0	2.0	1.0	0.0	4.0	6.0	3.0	3.0	2.0	2.0	0.0	1.0	1.0	
2.0	1.0	1.0	1.0	2.0	0.0	1.0	1.0	0.0	0.0	2.0	6.0	3.0	2.0	1.0	1.0	2.0	
1.0	2.0	2.0	1.0	2.0	1.0	0.0	1.0	1.0	3.0	1.0	1.0	1.0	0.0	0.0	2.0	2.0	
2.0	0.0	2.0	1.0	3.0	0.0	0.0	2.0	1.0	1.0	2.0	2.0	3.0	1.0	2.0	0.0	0.0	
1.0	2.0	2.0	2.0	2.0	0.0	2.0	2.0	2.0	2.0	3.0	3.0	1.0	2.0	2.0	2.0	2.0	
1.0	2.0	1.0	1.0	0.0	1.0	2.0	2.0	1.0	1.0	1.0	3.0	1.0	1.0	0.0	1.0	1.0	
1.0	2.0	1.0	1.0	1.0	3.0	1.0	1.0	0.0	0.0	3.0	1.0	0.0	2.0	0.0	0.0	0.0	
2.0	0.0	2.0	2.0	1.0	2.0	1.0	1.0	2.0	1.0	1.0	0.0	1.0	1.0	1.0	1.0	1.0	
0.0	1.0	2.0	3.0	1.0	1.0	1.0	3.0	2.0	1.0	3.0	2.0	1.0	0.0	6.0	1.0	1.0	
0.0	0.0	2.0	2.0	3.0	1.0	1.0	0.0	0.0	1.0	3.0	3.0	2.0	0.0	2.0	1.0	1.0	
2.0	1.0	1.0	2.0	3.0	1.0	0.0	1.0	3.0	1.0	1.0	2.0	2.0	1.0	1.0	0.0	2.0	
0.0	2.0	2.0	2.0	1.0	1.0	2.0	0.0	1.0	2.0	1.0	1.0	2.0	0.0	1.0	1.0	1.0	
0.0	1.0	1.0	1.0	1.0	0.0	1.0	2.0	1.0	2.0	1.0	1.0	1.0	0.0	1.0	2.0	2.0	
2.0	2.0	1.0	1.0	0.0	1.0	2.0	1.0	1.0	1.0	0.0	1.0	2.0	2.0	4.0	2.0	0.0	
2.0	0.0	3.0	0.0	0.0	2.0	2.0	3.0	2.0	1.0	1.0	1.0	2.0	1.0	1.0	1.0	0.0	
1.0	0.0	1.0	1.0	0.0	0.0	0.0	1.0	2.0	2.0	3.0	1.0	2.0	0.0	2.0	1.0	1.0	
0.0	1.0	1.0	1.0	3.0	1.0	2.0	3.0	1.0	5.0	1.0	2.0	1.0	1.0	1.0	1.0	2.0	
2.0	1.0	2.0	2.0	2.0	4.0	0.0	1.0	1.0	1.0	3.0	4.0	2.0	1.0	1.0	2.0	1.0	
1.0	0.0	1.0	2.0	2.0	2.0	1.0	0.0	1.0	2.0	1.0	2.0	1.0	0.0	0.0	3.0	1.0	
2.0	2.0	1.0	2.0	0.0	0.0	1.0	1.0	1.0	1.0	2.0	2.0	1.0	0.0	2.0	2.0	1.0	
1.0	1.0	1.0	2.0	2.0	0.0	1.0	1.0	0.0	2.0	2.0	1.0	1.0	1.0	2.0	1.0	4.0	
4.0	2.0	2.0	3.0	1.0	1.0	1.0	1.0	2.0	3.0	2.0	2.0	0.0	1.0	1.0	1.0	3.0	
0.0	2.0	2.0	2.0	0.0	2.0	2.0	2.0	2.0	1.0	2.0	3.0	1.0	0.0	1.0	1.0	2.0	
2.0	1.0	1.0	3.0	1.0	2.0	3.0	0.0	2.0	2.0	1.0	1.0	2.0	1.0	1.0	2.0	1.0	
0.0	0.0	1.0	1.0	2.0	0.0	1.0	1.0	0.0	0.0	1.0	1.0	1.0	0.0	2.0	1.0	1.0	
5.0	0.0	2.0	2.0	4.0	1.0	1.0	0.0	1.0	1.0	3.0	3.0	0.0	1.0	1.0	3.0	2.0	
1.0	4.0	1.0	0.0	2.0	0.0	2.0	1.0	1.0	1.0	1.0	1.0	2.0	2.0	0.0	2.0	1.0	
1.0	1.0	2.0	1.0	1.0	0.0	0.0	1.0	2.0	4.0	0.0	1.0	1.0	2.0	3.0	2.0	1.0	
0.0	0.0	2.0	1.0	2.0	1.0	0.0	2.0	1.0	0.0	1.0	2.0	1.0	0.0	1.0	2.0	1.0	
2.0	2.0	0.0	2.0	2.0	1.0	0.0	0.0	0.0	1.0	1.0	1.0	1.0	0.0	0.0		2.0	
1.0	2.0	2.0	2.0	2.0	3.0	1.0	0.0	0.0	2.0	2.0	1.0	1.0	1.0	1.0		1.0	
0.0	3.0	2.0	0.0	1.0	1.0	1.0	1.0	1.0	2.0	1.0	8.0	2.0	1.0	1.0		2.0	
1.0	3.0	1.0	1.0	2.0	2.0	1.0	2.0	1.0	0.0	0.0	6.0	1.0	0.0	0.0		2.0	
1.0	0.0	2.0	2.0	0.0	1.0	1.0	4.0	3.0	2.0	0.0	1.0	1.0	0.0	2.0		1.0	
2.0	1.0	1.0	2.0	1.0	1.0	1.0	2.0	2.0	2.0	2.0	1.0	1.0	3.0	2.0		0.0	
1.0	0.0	0.0	1.0	2.0	0.0	0.0	1.0	2.0	2.0	2.0	2.0	2.0	0.0	2.0		0.0	
1.0	1.0	1.0	1.0	0.0	2.0	1.0	0.0	2.0	3.0	1.0	2.0	1.0	4.0	0.0		1.0	
2.0	2.0	0.0	0.0	2.0	2.0	1.0	3.0	1.0	1.0	1.0	3.0	1.0	1.0	0.0		1.0	
1.0	2.0	2.0	2.0	3.0	2.0	1.0	1.0	1.0	1.0	3.0	2.0	2.0	0.0	1.0		0.0	
1.0	2.0	4.0	3.0	1.0	1.0	2.0	2.0	1.0	2.0	1.0	3.0	0.0	4.0	1.0		1.0	
2.0	0.0	1.0	1.0	2.0	0.0	0.0	1.0	0.0	0.0	1.0	0.0	0.0	1.0	0.0		1.0	
2.0	3.0	3.0	1.0	1.0	1.0	1.0	2.0	2.0	2.0	3.0	2.0	2.0	2.0	0.0		2.0	
2.0	1.0	2.0	1.0	1.0	0.0	2.0	1.0	0.0	0.0	1.0	2.0	3.0	0.0	2.0		2.0	
1.0	2.0	1.0	0.0	2.0	1.0	1.0	1.0	2.0	2.0	0.0	2.0	1.0	3.0	0.0		3.0	
0.0	2.0	1.0	1.0	1.0	1.0	1.0	3.0	1.0	2.0	0.0	1.0	2.0	1.0	0.0		1.0	
3.0	0.0	0.0	0.0	0.0	3.0	1.0	0.0	0.0	1.0	1.0	2.0	0.0	1.0	3.0		0.0	
0.0	1.0	1.0	2.0	2.0	1.0	1.0	0.0	0.0	1.0	2.0	1.0	3.0	0.0	2.0		0.0	
3.0	1.0	1.0	1.0	1.0	0.0	0.0	1.0	1.0	2.0	0.0	3.0	1.0	1.0	2.0		2.0	
0.0	1.0	1.0	2.0	2.0	2.0	1.0	1.0	1.0	1.0	1.0	4.0	1.0	2.0	1.0		3.0	
0.0	2.0	0.0	2.0	0.0	2.0	1.0	2.0	1.0	1.0	1.0	2.0	2.0	1.0	1.0		1.0	
1.0	3.0	2.0	1.0	1.0	1.0	1.0	0.0	0.0	0.0	2.0	2.0	2.0	1.0	1.0		1.0	
3.0	0.0	2.0	1.0	1.0	0.0	2.0	2.0	2.0	2.0	0.0	3.0	1.0	1.0	1.0		0.0	
1.0	0.0	2.0	0.0	3.0	1.0	1.0	1.0	1.0	0.0	1.0	1.0	2.0	1.0	2.0		1.0	
0.0	1.0	1.0	1.0	2.0	2.0	1.0	1.0	2.0	2.0	2.0	2.0	0.0	1.0	0.0		0.0	
0.0	1.0	1.0	1.0	2.0	1.0	2.0	0.0	2.0	3.0	1.0	1.0	1.0	1.0	0.0		1.0	
0.0	0.0	0.0	0.0	1.0	1.0	1.0	4.0	2.0	0.0	3.0	1.0	1.0	0.0	6.0		1.0	
1.0	2.0	3.0	0.0	2.0	1.0	3.0	2.0	0.0	2.0	1.0	2.0	1.0	2.0	1.0		0.0	
0.0	2.0	3.0	1.0	0.0	1.0	1.0	1.0	0.0	2.0	2.0	2.0	1.0	0.0	4.0		2.0	
1.0	1.0	1.0	0.0	3.0	2.0	2.0	0.0	0.0	1.0	3.0	1.0	1.0	2.0	1.0		1.0	
0.0	1.0	2.0	0.0	2.0	2.0	0.0	1.0	1.0	1.0	3.0	1.0	1.0	2.0	1.0		1.0	
2.0	0.0	2.0	1.0	0.0	0.0	1.0	1.0	1.0	2.0	2.0	1.0	1.0	1.0	3.0		0.0	
2.0	1.0	2.0	0.0	1.0	0.0	2.0	1.0	1.0	1.0	2.0	0.0	2.0	3.0	3.0		1.0	
0.0	2.0	0.0	2.0	2.0	2.0	1.0	0.0	4.0	0.0	0.0	4.0	2.0	3.0	1.0		0.0	
2.0	0.0	2.0	1.0	1.0	1.0	2.0	1.0	1.0	1.0	1.0	1.0	2.0	2.0	0.0		1.0	
0.0	2.0	1.0	2.0	1.0	1.0	1.0	1.0	2.0	4.0	4.0	0.0	0.0	0.0	1.0		2.0	
1.0	3.0	1.0	2.0	0.0	1.0	3.0	1.0	1.0	3.0	0.0	1.0	2.0	1.0	2.0		2.0	
1.0	3.0	2.0	2.0	1.0	2.0	1.0	0.0	1.0	3.0	3.0	2.0	1.0	1.0	0.0		2.0	
3.0	1.0	1.0	1.0	0.0	1.0	1.0	1.0	1.0	3.0	2.0	3.0	1.0	1.0	1.0		1.0	
2.0	1.0	0.0	1.0	2.0	0.0	0.0	2.0	1.0	1.0	1.0	1.0	0.0	3.0	1.0		1.0	
2.0	2.0	0.0	0.0	0.0	1.0	1.0	1.0	1.0	1.0	2.0	1.0	1.0	1.0	1.0		1.0	
2.0	3.0	1.0	1.0	0.0	1.0	2.0	1.0	1.0	1.0	2.0	1.0	0.0	1.0	1.0		0.0	
1.0	2.0	1.0	2.0	0.0	2.0	2.0	1.0	3.0	2.0	0.0	5.0	1.0	1.0	0.0		1.0	
0.0	2.0	1.0	1.0	1.0	0.0	1.0	3.0	2.0	0.0	0.0	3.0	1.0	3.0	0.0		0.0	
1.0	1.0	2.0	2.0	1.0	1.0	0.0	2.0	2.0	3.0	1.0	1.0	0.0	3.0	3.0		1.0	
1.0	1.0	0.0	1.0	2.0	4.0	2.0	2.0	1.0	1.0	1.0	2.0	0.0	2.0	0.0		2.0	
0.0	0.0	1.0	0.0	2.0	1.0	1.0	1.0	1.0	1.0	2.0	1.0	2.0	2.0	3.0		1.0	
0.0	2.0	2.0	1.0	2.0	3.0	2.0	2.0	1.0	3.0	1.0	2.0	2.0	2.0	2.0		2.0	
1.0	1.0	1.0	2.0	0.0	1.0	2.0	1.0	3.0	2.0	4.0	0.0	0.0	2.0	0.0		3.0	
0.0	1.0	1.0	2.0	0.0	1.0	1.0	0.0	1.0	2.0	1.0	1.0	1.0	3.0	1.0		2.0	
0.0	2.0	1.0	1.0	2.0	0.0	2.0	2.0	1.0	0.0	1.0	3.0	1.0	1.0	1.0		2.0	
0.0	1.0	1.0	3.0	1.0	3.0	2.0	3.0	1.0	3.0	1.0	1.0	2.0	1.0	2.0		3.0	
1.0	1.0	1.0	0.0	0.0	1.0	1.0	1.0	2.0	2.0	2.0	1.0	1.0	2.0	2.0		0.0	
1.0	2.0	1.0	1.0	1.0	1.0	2.0	2.0	0.0	3.0	3.0	3.0	2.0	2.0	2.0		1.0	
1.0	1.0	1.0	1.0	1.0	2.0	0.0	4.0	3.0	1.0	2.0	1.0	2.0	1.0	1.0		0.0	
0.0	1.0	1.0	2.0	1.0	1.0	3.0	1.0	1.0	1.0	0.0	0.0	0.0	2.0	0.0		0.0	
0.0	2.0	0.0	1.0	3.0	1.0	0.0	1.0	1.0	2.0	1.0	0.0	0.0	1.0	1.0		2.0	
0.0	0.0	2.0	1.0	2.0	0.0	1.0	2.0	2.0	1.0	2.0	2.0	2.0	2.0	2.0		3.0	
1.0	1.0	0.0	1.0	1.0	0.0	1.0	1.0	0.0	0.0	1.0	1.0	1.0	2.0	2.0		2.0	
1.0	1.0	3.0	3.0	2.0	2.0	1.0	1.0	1.0	2.0	2.0	1.0	2.0	2.0	1.0		3.0	
2.0	1.0	2.0	1.0	0.0	2.0	1.0	2.0	1.0	1.0	1.0	1.0	1.0	1.0	0.0		3.0	
2.0	1.0	3.0	0.0	1.0	1.0	1.0	1.0	2.0	0.0	1.0	1.0	0.0	2.0	1.0		1.0	
2.0	0.0	1.0	0.0	1.0	2.0	0.0	1.0	2.0	2.0	1.0	3.0	6.0	1.0	1.0		2.0	
1.0	1.0	2.0	0.0	0.0	1.0	4.0	1.0	0.0	2.0	0.0	4.0	1.0	2.0	2.0		2.0	
2.0	3.0	1.0	2.0	0.0	1.0	3.0	5.0	1.0	2.0	2.0	5.0	0.0	0.0	1.0		3.0	
1.0	1.0	0.0	1.0	1.0	3.0	2.0	1.0	1.0	3.0	0.0	3.0	1.0	1.0	1.0		1.0	
1.0	1.0	1.0	0.0	2.0	2.0	2.0	0.0	2.0	2.0	2.0	2.0	1.0	2.0	3.0		3.0	
3.0	1.0	0.0	2.0	2.0	4.0	1.0	1.0	0.0	2.0	3.0	1.0	2.0	1.0	1.0		2.0	
0.0	1.0	0.0	1.0	3.0	0.0	2.0	3.0	1.0	1.0	2.0	1.0	1.0	1.0	3.0		2.0	
2.0	1.0	0.0	1.0	0.0	2.0	3.0	0.0	0.0	1.0	2.0	1.0	1.0	1.0	0.0		0.0	
1.0	3.0	1.0	3.0	1.0	1.0	0.0	1.0	1.0	2.0	3.0	1.0	1.0	2.0	0.0		2.0	
2.0	0.0	0.0	1.0	2.0	4.0	2.0	1.0	2.0	1.0	0.0	1.0	2.0	2.0	1.0		1.0	
1.0	2.0	2.0	0.0	2.0	1.0	0.0	1.0	1.0	1.0	2.0	1.0	0.0	0.0	3.0		0.0	
1.0	1.0	1.0	1.0	1.0	0.0	1.0	2.0	1.0	2.0	1.0	1.0	1.0	1.0	2.0		1.0	
0.0	2.0	0.0	0.0	2.0	1.0	1.0	2.0	2.0	2.0	2.0	1.0	1.0	1.0	1.0		1.0	
1.0	2.0	2.0	2.0	1.0	0.0	0.0	2.0	2.0	0.0	1.0	1.0	1.0	1.0	1.0		2.0	
3.0	1.0	3.0	2.0	1.0	0.0	3.0	2.0	1.0	0.0	2.0	1.0	1.0	1.0	0.0		0.0	
1.0	2.0	1.0	1.0	0.0	3.0	1.0	2.0	1.0	2.0	3.0	2.0	1.0	1.0	0.0		2.0	
1.0	2.0	2.0	0.0	1.0	0.0	0.0	0.0	1.0	1.0	0.0	0.0	4.0	1.0	1.0		0.0	
1.0	2.0	5.0	0.0	3.0	0.0	0.0	2.0	1.0	1.0	2.0	1.0	3.0	1.0	1.0		1.0	
1.0	1.0	1.0	1.0	0.0	2.0	0.0	1.0	1.0	2.0	3.0	3.0	3.0	0.0	1.0		2.0	
1.0	2.0	2.0	2.0	1.0	1.0	1.0	1.0	2.0	1.0	1.0	1.0	1.0	0.0	0.0		2.0	
2.0	1.0	1.0	1.0	2.0	1.0	1.0	2.0	2.0	3.0	3.0	1.0	2.0	1.0	2.0		1.0	
2.0	0.0	0.0	1.0	2.0	0.0	3.0	0.0	3.0	3.0	4.0	3.0	2.0	1.0	1.0		1.0	
2.0	0.0	4.0	2.0	2.0	1.0	0.0	2.0	1.0	2.0	2.0	2.0	2.0	0.0	0.0		0.0	
1.0	1.0	2.0	0.0	2.0	2.0	3.0	1.0	0.0	2.0	1.0	0.0	0.0	0.0	3.0		2.0	
1.0	1.0	1.0	2.0	1.0	1.0	1.0	1.0	2.0	1.0	1.0	3.0	2.0	0.0	1.0		1.0	
2.0	2.0	2.0	3.0	0.0	0.0	1.0	3.0	0.0	2.0	3.0	2.0	2.0	1.0	1.0		1.0	
1.0	1.0	0.0	1.0	1.0	3.0	2.0	0.0	1.0	0.0	1.0	1.0	2.0	2.0	2.0		2.0	
2.0	1.0	3.0	1.0	2.0	0.0	3.0	1.0	2.0	2.0	2.0	2.0	2.0	1.0	1.0		2.0	
0.0	1.0	0.0	3.0	0.0	2.0	1.0	0.0	3.0	1.0	0.0	3.0	2.0	1.0	2.0		3.0	
1.0	0.0	2.0	2.0	1.0	2.0	0.0	0.0	0.0	1.0	2.0	1.0	1.0	1.0	1.0		2.0	
1.0	2.0	2.0	3.0	3.0	3.0	1.0	1.0	2.0	1.0	1.0	2.0	1.0	1.0	2.0		2.0	
1.0	3.0	2.0	2.0	3.0	0.0	1.0	2.0	2.0	3.0	1.0	1.0	2.0	1.0	6.0		1.0	
3.0	0.0	1.0	3.0	1.0	1.0	0.0	1.0	1.0	1.0	2.0	3.0	5.0	0.0	2.0		1.0	
1.0	2.0	0.0	1.0	1.0	1.0	0.0	0.0	1.0	2.0	1.0	4.0	3.0	2.0	1.0		2.0	
1.0	2.0	1.0	1.0	3.0	4.0	2.0	1.0	2.0	1.0	2.0	1.0	1.0	1.0	1.0		1.0	
3.0	1.0	1.0	3.0	1.0	1.0	2.0	1.0	0.0	1.0	1.0	1.0	1.0	2.0	0.0		0.0	
0.0	1.0	1.0	2.0	2.0	0.0	1.0	2.0	3.0	0.0	2.0	1.0	1.0	1.0	2.0		0.0	
1.0	3.0	1.0	0.0	2.0	1.0	3.0	3.0	1.0	2.0	2.0	0.0	1.0	1.0	2.0		1.0	
0.0	0.0	2.0	2.0	2.0	1.0	2.0	2.0	1.0	2.0	3.0	1.0	1.0	2.0	1.0		1.0	
2.0	0.0	2.0	1.0	1.0	1.0	1.0	2.0	3.0	0.0	2.0	2.0	1.0	2.0	3.0		1.0	
2.0	1.0	3.0	1.0	1.0	2.0	1.0	2.0	0.0	1.0	0.0	1.0	4.0	1.0	3.0		1.0	
0.0	2.0	1.0	1.0	1.0	0.0	2.0	0.0	1.0	0.0	0.0	0.0	0.0	0.0	1.0		1.0	
0.0	2.0	0.0	1.0	2.0	0.0	1.0	2.0	3.0	1.0	1.0	1.0	2.0	2.0	1.0		3.0	
1.0	2.0	0.0	3.0	1.0	2.0	1.0	2.0	0.0	3.0	2.0	2.0	2.0	2.0	1.0		1.0	
0.0	1.0	1.0	2.0	1.0	2.0	1.0	0.0	1.0	1.0	2.0	1.0	1.0	4.0	2.0		1.0	
3.0	1.0	1.0	1.0	1.0	2.0	1.0	1.0	1.0	1.0	4.0	2.0	1.0	2.0	0.0		2.0	
0.0	2.0	0.0	1.0	3.0	1.0	1.0	1.0	0.0	3.0	1.0		0.0	0.0	2.0		1.0	
3.0	2.0	3.0	1.0	0.0	0.0	0.0	0.0	2.0	2.0	0.0		1.0	1.0	0.0		2.0	
2.0	2.0	2.0	1.0	0.0	1.0	2.0	1.0	2.0	0.0	1.0		3.0	1.0	2.0		2.0	
4.0	2.0	1.0	1.0	3.0	1.0	1.0	2.0	2.0	2.0	1.0		0.0	0.0	0.0		3.0	
3.0	1.0	2.0	2.0	1.0	2.0	1.0	0.0	0.0	2.0	2.0		2.0	2.0	1.0		1.0	
1.0	1.0	1.0	1.0	2.0	1.0	2.0	2.0	1.0	2.0	1.0		1.0	2.0	0.0		0.0	
1.0	1.0	2.0	2.0	1.0	2.0	1.0	2.0	3.0	1.0	2.0		0.0	1.0	1.0		1.0	
1.0	1.0	2.0	1.0	3.0	2.0	2.0	2.0	1.0	1.0	0.0		1.0	2.0	2.0		1.0	
1.0	1.0	1.0	3.0	1.0	1.0	0.0	2.0	2.0	1.0	0.0		1.0	1.0	1.0		1.0	
2.0	0.0	0.0	1.0	0.0	1.0	1.0	2.0	1.0	1.0	1.0		2.0	1.0	0.0		1.0	
0.0	2.0	3.0	1.0	1.0	2.0	2.0	1.0	1.0	1.0	3.0		0.0	3.0	0.0		2.0	
0.0	1.0	0.0	2.0	1.0	1.0	3.0	1.0	1.0	1.0	1.0		0.0	3.0	1.0		6.0	
2.0	0.0	0.0	1.0	4.0	1.0	1.0	1.0	1.0	3.0	1.0		1.0	2.0	1.0		1.0	
1.0	1.0	2.0	2.0	1.0	1.0	0.0	5.0	0.0	1.0	2.0		2.0	0.0	1.0		1.0	
1.0	0.0	3.0	0.0	2.0	1.0	2.0	1.0	2.0	4.0	1.0		1.0	1.0	2.0		1.0	
0.0	4.0	0.0	1.0	1.0	2.0	2.0	0.0	3.0	2.0	1.0		2.0	2.0	1.0		1.0	
2.0	1.0	2.0	1.0	4.0	0.0	1.0	2.0	0.0	3.0	1.0		1.0	1.0	0.0		2.0	
2.0	2.0	2.0	1.0	4.0	1.0	1.0	1.0	0.0	0.0	1.0		0.0	0.0	2.0		2.0	
1.0	2.0	3.0	2.0	1.0	1.0	0.0	0.0	3.0	0.0	2.0		2.0	2.0	1.0		1.0	
0.0	1.0	1.0	2.0	1.0	1.0	2.0	1.0	2.0	0.0	1.0		1.0	0.0	0.0		1.0	
2.0	1.0	0.0	3.0	0.0	1.0	3.0	1.0	4.0	2.0	3.0		3.0	1.0	2.0		1.0	
2.0	1.0	2.0	1.0	4.0	1.0	2.0	3.0	0.0	7.0	0.0		2.0	3.0	0.0		2.0	
0.0	2.0	1.0	1.0	0.0	2.0	0.0	3.0	1.0	1.0	3.0		1.0	1.0	1.0		0.0	
2.0	0.0	1.0	0.0	3.0	1.0	1.0	3.0	1.0	2.0	0.0		2.0	1.0	0.0		2.0	
3.0	1.0	1.0	1.0	1.0	0.0	0.0	2.0	2.0	1.0	2.0		1.0	1.0	1.0		2.0	
2.0	3.0	3.0	2.0	2.0	1.0	0.0	3.0	0.0	1.0	1.0		1.0	2.0	1.0		2.0	
0.0	1.0	1.0	1.0	1.0	1.0	1.0	0.0	2.0	2.0	1.0		1.0	1.0	1.0		1.0	
1.0	1.0	2.0	0.0	1.0	3.0	0.0	1.0	3.0	1.0	3.0		1.0	2.0	1.0		2.0	
0.0	2.0	2.0	1.0	2.0	0.0	1.0	2.0	0.0	3.0	1.0		2.0	2.0	2.0		1.0	
1.0	3.0	2.0	1.0	2.0	1.0	1.0	1.0	1.0	0.0	2.0		1.0	1.0	2.0		0.0	
1.0	3.0	3.0	0.0	1.0	1.0	2.0	0.0	2.0	3.0	2.0		0.0	3.0	1.0		3.0	
1.0	0.0	2.0	1.0	1.0	1.0	1.0	2.0	2.0	2.0	2.0		2.0	1.0	1.0		1.0	
0.0	1.0	2.0	1.0	2.0	1.0	2.0	2.0	0.0	1.0	1.0		1.0	3.0	2.0		1.0	
1.0	0.0	1.0	1.0	1.0	2.0	2.0	1.0	4.0	2.0	1.0		1.0	0.0	0.0		0.0	
2.0	2.0	2.0	2.0	3.0	0.0	1.0	0.0	0.0	2.0	1.0		1.0	3.0	1.0		2.0	
1.0	1.0	4.0	2.0	3.0	1.0	3.0	2.0	2.0		2.0		2.0	0.0	3.0		2.0	
0.0	1.0	1.0	1.0	1.0	2.0	4.0	0.0	2.0		0.0		1.0	2.0	2.0		2.0	
2.0		1.0	2.0	1.0	2.0	1.0	1.0	2.0		2.0		0.0	1.0	0.0		1.0	
1.0		2.0	0.0	0.0	2.0	1.0	1.0	1.0		2.0		1.0	0.0	1.0		0.0	
1.0		2.0	2.0	0.0	2.0	0.0	4.0	0.0		1.0		1.0	1.0	1.0		1.0	
1.0		1.0	1.0	2.0	2.0	1.0	1.0	1.0		2.0		1.0	2.0	2.0		2.0	
2.0		2.0	0.0	0.0	2.0	1.0	1.0	0.0		1.0		2.0	1.0	0.0		0.0	
2.0		2.0	1.0	5.0	0.0	1.0	0.0	2.0				1.0	1.0	0.0		2.0	
1.0		1.0	0.0	1.0	0.0	3.0	2.0	1.0				1.0	1.0	0.0		1.0	
0.0		2.0	1.0	2.0	1.0	1.0	1.0	1.0				3.0	2.0	2.0		2.0	
2.0		0.0	3.0	0.0	0.0	1.0	3.0	2.0				2.0	0.0	2.0		2.0	
0.0		1.0	6.0	3.0	1.0	1.0	4.0	0.0				0.0	2.0	3.0		0.0	
2.0		0.0	2.0	1.0	2.0	1.0	1.0	2.0				2.0	4.0	3.0		1.0	
1.0		2.0	1.0	0.0	0.0	3.0	1.0	1.0				3.0	3.0	1.0		1.0	
1.0		1.0	3.0	0.0	1.0	2.0	0.0	1.0				1.0	2.0	3.0		2.0	
2.0		3.0	3.0	1.0	0.0	3.0	2.0	1.0				2.0	3.0	2.0		1.0	
1.0		2.0	2.0	3.0	3.0	2.0	1.0	2.0				1.0	2.0	3.0		3.0	
3.0		1.0	4.0	0.0	1.0	3.0	2.0	1.0				1.0	1.0	3.0		0.0	
0.0		1.0	2.0	1.0	2.0	1.0	0.0	2.0				1.0	3.0	1.0		0.0	
2.0		4.0	0.0	0.0	3.0	2.0	3.0	2.0				2.0	2.0	2.0		2.0	
1.0		3.0	4.0	2.0	0.0	2.0	1.0	1.0				1.0	2.0	1.0		1.0	
4.0		1.0	2.0	1.0	2.0	0.0	2.0	2.0				2.0	2.0	1.0		1.0	
0.0		2.0	1.0	3.0	1.0	2.0	3.0	1.0				3.0	0.0	0.0		1.0	
2.0		1.0	1.0	4.0	2.0	1.0	1.0	1.0				0.0	2.0	1.0		0.0	
2.0		0.0	1.0	1.0	3.0	1.0	0.0	1.0				1.0	3.0	0.0		1.0	
0.0		0.0	1.0	0.0	2.0	0.0	1.0	5.0				1.0	2.0	0.0		1.0	
3.0		0.0	1.0	2.0	1.0	3.0	3.0	1.0				1.0	2.0	0.0		2.0	
2.0		1.0	2.0	1.0	1.0	2.0	0.0	1.0				2.0	1.0	0.0		0.0	
0.0		2.0	1.0	2.0	0.0	2.0	0.0	2.0				1.0	3.0	1.0		1.0	
1.0		0.0	0.0	1.0	1.0	2.0	3.0	2.0				0.0	1.0	1.0		1.0	
2.0		1.0	2.0	2.0	1.0	2.0	1.0	1.0				1.0	1.0	1.0		1.0	
1.0		0.0	1.0	2.0	1.0	1.0	2.0	3.0				2.0	0.0	1.0		2.0	
1.0		1.0	1.0	3.0	2.0		2.0	4.0				1.0	0.0	1.0		0.0	
1.0		1.0	2.0	2.0	2.0		2.0	1.0				0.0	3.0	0.0		2.0	
0.0		0.0	2.0	0.0	1.0		2.0	3.0				1.0	1.0	0.0		2.0	
0.0		4.0	1.0	2.0	3.0		2.0	1.0				1.0	5.0	1.0		1.0	
2.0		1.0	2.0	2.0	0.0		1.0	1.0				1.0	2.0	4.0		0.0	
1.0		2.0	1.0	0.0	1.0		1.0	1.0				2.0	1.0	0.0		1.0	
1.0		0.0	0.0	3.0	2.0		2.0	1.0				1.0	2.0	0.0		0.0	
1.0		1.0	1.0	0.0	0.0		1.0	2.0				2.0	3.0	0.0		1.0	
3.0		2.0	0.0	2.0	1.0		1.0	2.0				1.0	2.0	1.0		0.0	
1.0		2.0		1.0	1.0		1.0	1.0				2.0	1.0	2.0		0.0	
1.0		1.0		0.0	0.0		0.0	2.0				1.0	0.0	0.0		0.0	
2.0		3.0		1.0	3.0		3.0	1.0				1.0	2.0	1.0		1.0	
3.0		2.0		3.0	2.0		2.0	2.0				1.0	2.0	1.0		0.0	
1.0		2.0		3.0	0.0		1.0	2.0				1.0	2.0	1.0		2.0	
0.0		3.0		1.0	2.0		0.0	1.0				2.0	1.0	1.0		2.0	
2.0		2.0		4.0	2.0		2.0	1.0				1.0	2.0	2.0		1.0	
2.0		2.0		0.0	2.0		1.0	1.0				1.0	3.0	2.0		4.0	
0.0		2.0		0.0	2.0		2.0	3.0				1.0	1.0	1.0		2.0	
1.0		1.0			3.0		0.0	2.0				1.0	1.0	0.0		1.0	
1.0		1.0			0.0		1.0	1.0				1.0	0.0	3.0		1.0	
1.0		2.0			0.0		1.0	1.0				1.0	2.0	0.0		1.0	
0.0		0.0			2.0		1.0	1.0				1.0	1.0	1.0		2.0	
2.0		0.0			1.0		2.0	2.0				1.0	2.0	0.0		1.0	
4.0		1.0			2.0		2.0	2.0				1.0	0.0	2.0		2.0	
0.0		4.0			1.0		0.0	1.0				1.0	2.0	2.0		2.0	
1.0		3.0			1.0		1.0					1.0	3.0	1.0		1.0	
0.0		1.0			2.0		2.0					1.0		2.0		1.0	
0.0		1.0			3.0		1.0					1.0		1.0		0.0	
2.0		1.0			0.0		2.0					1.0		1.0		0.0	
0.0		2.0			0.0		1.0							0.0		1.0	
1.0		1.0			0.0		2.0							0.0		2.0	
1.0		1.0			2.0		1.0							1.0		1.0	
2.0		1.0			1.0		1.0							1.0		2.0	
0.0		2.0			0.0		1.0							0.0		1.0	
		4.0			2.0		1.0							2.0		1.0	
		2.0			0.0		2.0							2.0		1.0	
		0.0					1.0							0.0		1.0	
		1.0					1.0							1.0		0.0	
		0.0					0.0							0.0			
		2.0					2.0							1.0			
		1.0					0.0							1.0			
		1.0					1.0							1.0			
							1.0							1.0			
							2.0							0.0			
														1.0			
														2.0			
														0.0			
														1.0			
														3.0			
														2.0			
														1.0			
														1.0			
														1.0			
																	
