chr	pos	count	prop
chr1	628645.5	82	0.0068521768195872
chr1	1234050.5	23	0.00192195203476226
chr1	1782260.5	21	0.00175482577086989
chr1	2028829.5	35	0.00292470961811649
chr1	2433299.5	56	0.00467953538898638
chr1	2920798	40	0.00334252527784741
chr1	3473203.5	78	0.00651792429180246
chr1	3848062.5	23	0.00192195203476226
chr1	4138444.5	47	0.00392746720147071
chr1	4439614.5	29	0.00242333082643937
chr1	5013173	132	0.0110303334168965
chr1	5620830.5	22	0.00183838890281608
chr1	5942247.5	18	0.00150413637503134
chr1	6517309	94	0.00785493440294142
chr1	6966311.5	26	0.00217264143060082
chr1	7346359	98	0.00818918693072616
chr1	7997772	173	0.0144564218266901
chr1	8394794	31	0.00259045709033175
chr1	8716119.5	86	0.00718642934737194
chr1	8997225	5	0.000417815659730927
chr1	9718069.5	117	0.00977688643770368
chr1	10730911.5	64	0.00534804044455586
chr1	11083312	21	0.00175482577086989
chr1	11489251.5	58	0.00484666165287875
chr1	12008922.5	107	0.00894125511824183
chr1	12432551.5	156	0.0130358485836049
chr1	12862139	157	0.0131194117155511
chr1	13448645.5	108	0.00902481825018802
chr1	13930492.5	2	0.000167126263892371
chr1	14080058.5	2	0.000167126263892371
chr1	14159812.5	0	0
chr1	14883509.5	14	0.00116988384724659
chr1	15618106	5	0.000417815659730927
chr1	15954865	22	0.00183838890281608
chr1	16462114.5	79	0.00660148742374864
chr1	16779554.5	58	0.00484666165287875
chr1	17008154.5	51	0.00426171972925545
chr1	17411351	67	0.00559872984039442
chr1	17874610	72	0.00601654550012534
chr1	18271512.5	17	0.00142057324308515
chr1	18657331	34	0.0028411464861703
chr1	19290360.5	118	0.00986044956964987
chr1	20233421.5	40	0.00334252527784741
chr1	20872893	35	0.00292470961811649
chr1	21113443.5	9	0.000752068187515668
chr1	21363479	43	0.00359321467368597
chr1	22151137	46	0.00384390406952453
chr1	22859116.5	29	0.00242333082643937
chr1	23178559.5	55	0.00459597225704019
chr1	23748330	53	0.00442884599314782
chr1	24462856.5	194	0.01621124759756
chr1	24977179	128	0.0106960808891117
chr1	25621520.5	87	0.00726999247931812
chr1	26228536	89	0.0074371187432105
chr1	26380764	12	0.00100275758335422
chr1	26817134	195	0.0162948107295061
chr1	27432550.5	63	0.00526447731260968
chr1	27745011	35	0.00292470961811649
chr1	27993936	58	0.00484666165287875
chr1	28864223.5	67	0.00559872984039442
chr1	29932799	39	0.00325896214590123
chr1	30331962	15	0.00125344697919278
chr1	260616.5	112	0.00935907077797276
chr1	818853	106	0.00885769198629565
chr1	1269891	47	0.00392746720147071
chr1	1400984.5	0	0
chr1	1555351.5	74	0.00618367176401772
chr1	4058819.5	46	0.00384390406952453
chr1	4280175	45	0.00376034093757834
chr1	5127086.5	68	0.0056822929723406
chr1	5868141	42	0.00350965154173978
chr1	6443202.5	47	0.00392746720147071
chr1	7460524.5	78	0.00651792429180246
chr1	8111937.5	96	0.00802206066683379
chr1	9103271	30	0.00250689395838556
chr1	9467853	28	0.00233976769449319
chr1	10082651.5	36	0.00300827275006267
chr1	10544320	35	0.00292470961811649
chr1	10778486	35	0.00292470961811649
chr1	11021488.5	6	0.000501378791677112
chr1	12693518	77	0.00643436115985627
chr1	13533511	30	0.00250689395838556
chr1	14816284.5	0	0
chr1	15763904.5	5	0.000417815659730927
chr1	16088134.5	16	0.00133701011113897
chr1	16873734	48	0.0040110303334169
chr1	17354143	247	0.0206400935907078
chr1	17953187.5	32	0.00267402022227793
chr1	18407298	31	0.00259045709033175
chr1	19003508.5	47	0.00392746720147071
chr1	20089727.5	23	0.00192195203476226
chr1	21684146	42	0.00350965154173978
chr1	22471804	42	0.00350965154173978
chr1	23052761	27	0.002256204562547
chr1	23518612.5	48	0.0040110303334169
chr1	24358937.5	142	0.0118659647363583
chr1	25223768	22	0.00183838890281608
chr1	25412263.5	43	0.00359321467368597
chr1	25810016	120	0.0100275758335422
chr1	26793792	156	0.0130358485836049
chr1	28152810	8	0.000668505055569483
chr1	28753391.5	39	0.00325896214590123
chr1	29464805	36	0.00300827275006267
chr1	400836	45	0.00376034093757834
chr1	1090166	29	0.00242333082643937
chr1	1945805	12	0.00100275758335422
chr1	2985705	54	0.00451240912509401
chr1	4359989.5	21	0.00175482577086989
chr1	5260483.5	44	0.00367677780563216
chr1	8822165.5	48	0.0040110303334169
chr1	9936464.5	18	0.00150413637503134
chr1	10398133	18	0.00150413637503134
chr1	11246249	36	0.00300827275006267
chr1	12947004.5	90	0.00752068187515668
chr1	13683077	31	0.00259045709033175
chr1	14881880	5	0.000417815659730927
chr1	16272305	23	0.00192195203476226
chr1	18164637.5	60	0.00501378791677112
chr1	19876752	37	0.00309183588200886
chr1	20659917.5	31	0.00259045709033175
chr1	21309210.5	40	0.00334252527784741
chr1	22936672.5	17	0.00142057324308515
chr1	24010827	31	0.00259045709033175
chr1	24629068.5	70	0.00584941923623297
chr1	25701897.5	74	0.00618367176401772
chr1	28615893.5	174	0.0145399849586362
chr1	29327307	90	0.00752068187515668
chr1	29830704.5	22	0.00183838890281608
chr1	30229867.5	7	0.000584941923623297
chr1	1627893.5	23	0.00192195203476226
chr1	2269755	35	0.00292470961811649
chr1	3763585.5	33	0.00275758335422412
chr1	6075644.5	11	0.000919194451408039
chr1	6569565	59	0.00493022478482494
chr1	7317170.5	90	0.00752068187515668
chr1	7759127.5	47	0.00392746720147071
chr1	8156149.5	41	0.0034260884097936
chr1	9673936.5	20	0.00167126263892371
chr1	10522901	22	0.00183838890281608
chr1	11371017	191	0.0159605582017214
chr1	12608652.5	94	0.00785493440294142
chr1	14008617	4	0.000334252527784741
chr1	15029308	9	0.000752068187515668
chr1	15941446	18	0.00150413637503134
chr1	16315426	34	0.0028411464861703
chr1	17817402	17	0.00142057324308515
chr1	18550456	24	0.00200551516670845
chr1	19146666.5	90	0.00752068187515668
chr1	19636538	65	0.00543160357650205
chr1	20020446	75	0.0062672348959639
chr1	20473635.5	34	0.0028411464861703
chr1	20927161.5	16	0.00133701011113897
chr1	21879913	62	0.00518091418066349
chr1	22587892.5	64	0.00534804044455586
chr1	23256115.5	31	0.00259045709033175
chr1	25057556	53	0.00442884599314782
chr1	25962244	27	0.002256204562547
chr1	27019522.5	112	0.00935907077797276
chr1	27883864	17	0.00142057324308515
chr1	28733370.5	79	0.00660148742374864
chr1	29699851.5	31	0.00259045709033175
chr1	959072.5	59	0.00493022478482494
chr1	1280373.5	14	0.00116988384724659
chr1	6495458.5	21	0.00175482577086989
chr1	8720111.5	14	0.00116988384724659
chr1	9820123.5	114	0.00952619704186513
chr1	14896038.5	0	0
chr1	15808176.5	4	0.000334252527784741
chr1	16132406.5	67	0.00559872984039442
chr1	16690714.5	28	0.00233976769449319
chr1	17663160	24	0.00200551516670845
chr1	23644411	104	0.00869056572240328
chr1	27542622.5	23	0.00192195203476226
chr1	28595872.5	133	0.0111138965488426
chr1	1638376	13	0.00108632071530041
chr1	2679872.5	30	0.00250689395838556
chr1	3989793	51	0.00426171972925545
chr1	4933358.5	88	0.00735355561126431
chr1	8671907.5	58	0.00484666165287875
chr1	11416391.5	110	0.00919194451408039
chr1	13604952.5	56	0.00467953538898638
chr1	14894409	1	8.35631319461853e-05
chr1	17125543	112	0.00935907077797276
chr1	19530574.5	32	0.00267402022227793
chr1	26251878	48	0.0040110303334169
chr1	29562353.5	31	0.00259045709033175
chr1	30167845.5	17	0.00142057324308515
chr1	5754227.5	11	0.000919194451408039
chr1	6598753.5	18	0.00150413637503134
chr1	10288735	12	0.00100275758335422
chr1	10965077.5	15	0.00125344697919278
chr1	11432840.5	75	0.0062672348959639
chr1	13123105.5	56	0.00467953538898638
chr1	23062471	30	0.00250689395838556
chr1	2186730.5	18	0.00150413637503134
chr1	3226630.5	26	0.00217264143060082
chr1	6524647	17	0.00142057324308515
chr1	9929521.5	86	0.00718642934737194
chr1	12262409	135	0.011281022812735
chr1	16596535	45	0.00376034093757834
chr1	18414670.5	22	0.00183838890281608
chr1	25331886.5	42	0.00350965154173978
chr1	29196454	22	0.00183838890281608
chr1	939464	34	0.0028411464861703
chr1	1544869	14	0.00116988384724659
chr1	3542230	47	0.00392746720147071
chr1	7264914.5	37	0.00309183588200886
chr1	10054289.5	46	0.00384390406952453
chr1	15751375.5	1	8.35631319461853e-05
chr1	23622531.5	18	0.00150413637503134
chr1	27701496.5	27	0.002256204562547
chr1	2822160.5	39	0.00325896214590123
chr1	8041984	50	0.00417815659730927
chr1	9099279	3	0.000250689395838556
chr1	14081688	6	0.000501378791677112
chr1	18896633.5	31	0.00259045709033175
chr1	20276009.5	24	0.00200551516670845
chr1	25938902	71	0.00593298236817916
chr1	27903885	12	0.00100275758335422
chr1	28360659.5	5	0.000417815659730927
chr1	28803722	6	0.000501378791677112
chr1	11659394	36	0.00300827275006267
chr1	16449846.5	82	0.0068521768195872
chr1	27129594.5	39	0.00325896214590123
chr1	29726470	46	0.00384390406952453
chr1	2433303.5	43	0.00359321467368597
chr1	5047272	54	0.00451240912509401
chr1	6937123	5	0.000417815659730927
chr1	7018567.5	6	0.000501378791677112
chr1	9827467.5	42	0.00350965154173978
chr1	11794646	45	0.00376034093757834
chr1	14010246.5	3	0.000250689395838556
chr1	18117270.5	12	0.00100275758335422
chr1	20419703.5	36	0.00300827275006267
chr1	21955370	19	0.00158769950697752
chr1	28013957	8	0.000668505055569483
chr1	20714186	8	0.000668505055569483
chr1	22071458.5	28	0.00233976769449319
chr1	23441056.5	23	0.00192195203476226
chr1	4853733.5	36	0.00300827275006267
chr1	7743381	40	0.00334252527784741
chr1	10669088	14	0.00116988384724659
chr1	17259963.5	34	0.0028411464861703
chr1	22470580	34	0.0028411464861703
chr1	29801946	16	0.00133701011113897
chr1	1801920.5	19	0.00158769950697752
chr1	11602983	28	0.00233976769449319
chr1	18010395.5	30	0.00250689395838556
chr1	19147202.5	23	0.00192195203476226
chr1	28484445.5	36	0.00300827275006267
chr1	1079683.5	7	0.000584941923623297
chr1	16137884.5	6	0.000501378791677112
chr1	23303714	12	0.00100275758335422
chr1	23769565.5	4	0.000334252527784741
chr1	24709445.5	19	0.00158769950697752
chr1	5180669	33	0.00275758335422412
chr1	9436964	39	0.00325896214590123
chr1	15027678.5	0	0
chr1	22791247	30	0.00250689395838556
chr1	23507068.5	4	0.000334252527784741
chr1	23873484.5	8	0.000668505055569483
chr2	628071	70	0.00894225855901891
chr2	1102374	14	0.00178845171180378
chr2	1717167.5	23	0.00293817066939193
chr2	2010319.5	15	0.00191619826264691
chr2	2178964	85	0.0108584568216658
chr2	2683127	5	0.000638732754215636
chr2	3281398.5	1	0.000127746550843127
chr2	4149655	21	0.00268267756770567
chr2	4795103	6	0.000766479305058763
chr2	5140812	17	0.00217169136433316
chr2	5548969.5	15	0.00191619826264691
chr2	5655094	4	0.000510986203372509
chr2	6245661	185	0.0236331119059785
chr2	6809105.5	8	0.00102197240674502
chr2	6889780.5	52	0.00664282064384262
chr2	7009676.5	14	0.00178845171180378
chr2	7224713	132	0.0168625447112928
chr2	7812924	112	0.0143076136944302
chr2	8511114.5	35	0.00447112927950945
chr2	8927383.5	21	0.00268267756770567
chr2	9259664.5	54	0.00689831374552887
chr2	9673570.5	45	0.00574859478794073
chr2	9945756	33	0.0042156361778232
chr2	10281106	36	0.00459887583035258
chr2	10792846.5	19	0.00242718446601942
chr2	11111211	28	0.00357690342360756
chr2	11606159	68	0.00868676545733265
chr2	12269911.5	52	0.00664282064384262
chr2	12619203.5	47	0.00600408788962698
chr2	12862666.5	80	0.0102197240674502
chr2	13082117.5	31	0.00396014307613694
chr2	13476763	33	0.0042156361778232
chr2	13925245.5	32	0.00408788962698007
chr2	14448929.5	78	0.00996423096576392
chr2	14971035.5	46	0.00587634133878385
chr2	15271560.5	108	0.0137966274910577
chr2	15613737.5	62	0.00792028615227389
chr2	15881416.5	24	0.00306591722023505
chr2	16152814.5	88	0.0112416964741952
chr2	16462628	70	0.00894225855901891
chr2	16729247.5	68	0.00868676545733265
chr2	16991144	34	0.00434338272866633
chr2	17445334	68	0.00868676545733265
chr2	18045481.5	91	0.0116249361267246
chr2	18665257	242	0.0309146653040368
chr2	19294219	135	0.0172457843638222
chr2	872744.5	35	0.00447112927950945
chr2	1080318	137	0.0175012774655084
chr2	1480474.5	153	0.0195452222789985
chr2	1887694.5	61	0.00779253960143076
chr2	2621259.5	35	0.00447112927950945
chr2	3631417.5	0	0
chr2	4561541.5	4	0.000510986203372509
chr2	5124265	30	0.00383239652529382
chr2	5863486	61	0.00779253960143076
chr2	6426924	189	0.024144098109351
chr2	7302073.5	45	0.00574859478794073
chr2	8097389	81	0.0103474706182933
chr2	8678991.5	20	0.00255493101686254
chr2	9129184	14	0.00178845171180378
chr2	9627017.5	75	0.00958099131323454
chr2	9899203	20	0.00255493101686254
chr2	10185515	56	0.00715380684721512
chr2	10460785	18	0.00229943791517629
chr2	10683754	54	0.00689831374552887
chr2	10920224.5	36	0.00459887583035258
chr2	11856857.5	49	0.00625958099131323
chr2	12937248	42	0.00536535513541134
chr2	13408267	54	0.00689831374552887
chr2	13728331	20	0.00255493101686254
chr2	14447351.5	65	0.00830352580480327
chr2	15712924	77	0.0098364844149208
chr2	16552313	34	0.00434338272866633
chr2	17426964.5	104	0.0132856412876852
chr2	17748275.5	10	0.00127746550843127
chr2	19048994.5	27	0.00344915687276444
chr2	1487538	73	0.00932549821154829
chr2	2476012.5	10	0.00127746550843127
chr2	2977285	13	0.00166070516096065
chr2	3039152.5	0	0
chr2	5230389.5	4	0.000510986203372509
chr2	6507599	128	0.0163515585079203
chr2	7517110	37	0.00472662238119571
chr2	9913329.5	29	0.00370464997445069
chr2	10779149.5	33	0.0042156361778232
chr2	11365093	46	0.00587634133878385
chr2	11778147	85	0.0108584568216658
chr2	12764073	53	0.00677056719468574
chr2	13856749.5	27	0.00344915687276444
chr2	16320247.5	32	0.00408788962698007
chr2	337481.5	223	0.0284874808380174
chr2	743480.5	90	0.0114971895758815
chr2	2074121	10	0.00127746550843127
chr2	2639041.5	1	0.000127746550843127
chr2	3932640.5	2	0.000255493101686254
chr2	6139536.5	32	0.00408788962698007
chr2	8393203	81	0.0103474706182933
chr2	9011272.5	28	0.00357690342360756
chr2	10174473	26	0.00332141032192131
chr2	11524265	43	0.00549310168625447
chr2	12177481.5	40	0.00510986203372509
chr2	12428180	24	0.00306591722023505
chr2	13188816	52	0.00664282064384262
chr2	17294085.5	16	0.00204394481349004
chr2	18027112	73	0.00932549821154829
chr2	2680236.5	18	0.00229943791517629
chr2	7341301	75	0.00958099131323454
chr2	7929512	160	0.0204394481349004
chr2	9176825	48	0.00613183444047011
chr2	9839123	19	0.00242718446601942
chr2	16022737.5	41	0.00523760858456822
chr2	17591291.5	16	0.00204394481349004
chr2	19337017.5	38	0.00485436893203883
chr2	5836357	35	0.00447112927950945
chr2	10008920.5	20	0.00255493101686254
chr2	11174106.5	10	0.00127746550843127
chr2	11936415.5	29	0.00370464997445069
chr2	13963223.5	19	0.00242718446601942
chr2	14613748	39	0.00498211548288196
chr2	16053628	22	0.0028104241185488
chr2	16862126.5	37	0.00472662238119571
chr2	1143637	71	0.00907000510986203
chr2	3278508	0	0
chr2	4166202	20	0.00255493101686254
chr2	5219807.5	47	0.00600408788962698
chr2	9294736.5	20	0.00255493101686254
chr2	10697255.5	18	0.00229943791517629
chr2	12028845.5	79	0.0100919775166071
chr2	14000447	22	0.0028104241185488
chr2	16290416.5	12	0.00153295861011753
chr2	18708055.5	66	0.0084312723556464
chr2	2452615	29	0.00370464997445069
chr2	3910299.5	2	0.000255493101686254
chr2	5576098.5	4	0.000510986203372509
chr2	8809472	33	0.0042156361778232
chr2	9807120	49	0.00625958099131323
chr2	14252015	13	0.00166070516096065
chr2	15313212.5	41	0.00523760858456822
chr2	16419434	13	0.00166070516096065
chr2	18386420.5	40	0.00510986203372509
chr2	835644.5	52	0.00664282064384262
chr2	1579702	35	0.00447112927950945
chr2	2155566.5	43	0.00549310168625447
chr2	3690394.5	0	0
chr2	4578088.5	4	0.000510986203372509
chr2	7185485.5	13	0.00166070516096065
chr2	10408484	22	0.0028104241185488
chr2	11283199	27	0.00344915687276444
chr2	12671643	25	0.00319366377107818
chr2	13333685.5	27	0.00344915687276444
chr2	14621036	36	0.00459887583035258
chr2	17165068	22	0.0028104241185488
chr2	3219531	7	0.000894225855901891
chr2	6929008	39	0.00498211548288196
chr2	16724524.5	32	0.00408788962698007
chr2	466745.5	60	0.00766479305058763
chr2	10078882	41	0.00523760858456822
chr2	12368505	82	0.0104752171691364
chr2	14091642	33	0.0042156361778232
chr2	14486907.5	18	0.00229943791517629
chr2	15539239.5	25	0.00319366377107818
chr2	964908.5	8	0.00102197240674502
chr2	3189122	5	0.000638732754215636
chr2	7221405	40	0.00510986203372509
chr2	9425217	25	0.00319366377107818
chr2	10588163	27	0.00344915687276444
chr2	12127439	44	0.0056208482370976
chr2	18429219	36	0.00459887583035258
chr2	3693285	2	0.000255493101686254
chr2	15144720	28	0.00357690342360756
chr2	16986652	6	0.000766479305058763
chr2	17119531	0	0
chr2	3551383.5	9	0.00114971895758815
chr2	5757361.5	18	0.00229943791517629
chr2	7104817	27	0.00344915687276444
chr2	10125435	40	0.00510986203372509
chr2	14575770	39	0.00498211548288196
chr2	973110	43	0.00549310168625447
chr2	2980175.5	1	0.000127746550843127
chr2	16191230	19	0.00242718446601942
chr2	2045395	22	0.0028104241185488
chr2	5203260.5	4	0.000510986203372509
chr2	7980801	23	0.00293817066939193
chr2	9733650.5	11	0.0014052120592744
chr2	11002118.5	2	0.000255493101686254
chr2	1309947.5	5	0.000638732754215636
chr2	1617940	10	0.00127746550843127
chr2	8098712.5	43	0.00549310168625447
chr2	15440053	19	0.00242718446601942
chr3	345552.5	32	0.00339342523860021
chr3	612580	83	0.0088016967126193
chr3	1318828	44	0.00466595970307529
chr3	1941599	39	0.00413573700954401
chr3	2305562.5	34	0.00360551431601273
chr3	2984326.5	175	0.0185577942735949
chr3	3518686	69	0.00731707317073171
chr3	3908762.5	85	0.00901378579003181
chr3	4268982.5	15	0.00159066808059385
chr3	4615538	83	0.0088016967126193
chr3	5117507.5	66	0.00699893955461294
chr3	5501381	51	0.00540827147401909
chr3	5838244	15	0.00159066808059385
chr3	6565904	106	0.0112407211028632
chr3	7241525.5	47	0.00498409331919406
chr3	7784375	133	0.0141039236479321
chr3	8332965	51	0.00540827147401909
chr3	8544902.5	87	0.00922587486744433
chr3	8884916	260	0.0275715800636267
chr3	9530447.5	310	0.0328738069989396
chr3	10386074	54	0.00572640509013786
chr3	11298201	184	0.0195121951219512
chr3	12012606.5	94	0.00996818663838812
chr3	12886035.5	3	0.00031813361611877
chr3	13495398.5	9	0.00095440084835631
chr3	13870030	0	0
chr3	14503254.5	1	0.000106044538706257
chr3	15236962	26	0.00275715800636267
chr3	15813025.5	33	0.00349946977730647
chr3	16381174	87	0.00922587486744433
chr3	17030108	140	0.0148462354188759
chr3	17545328	167	0.0177094379639449
chr3	17945866	46	0.0048780487804878
chr3	18135918	47	0.00498409331919406
chr3	18395928	59	0.00625662778366914
chr3	18877193	71	0.00752916224814422
chr3	19339843.5	56	0.00593849416755037
chr3	19724462	69	0.00731707317073171
chr3	20268877.5	38	0.00402969247083775
chr3	20772458	61	0.00646871686108165
chr3	21198696.5	25	0.00265111346765642
chr3	21539022	40	0.00424178154825027
chr3	21950106.5	60	0.0063626723223754
chr3	22334112	75	0.00795334040296925
chr3	22626638.5	77	0.00816542948038176
chr3	22947783.5	74	0.00784729586426299
chr3	557201.5	55	0.00583244962884411
chr3	1070103.5	105	0.0111346765641569
chr3	1434129.5	55	0.00583244962884411
chr3	1811026	32	0.00339342523860021
chr3	4554007.5	37	0.00392364793213149
chr3	5284436.5	71	0.00752916224814422
chr3	5779969.5	30	0.0031813361611877
chr3	5949903.5	24	0.00254506892895016
chr3	6268093	75	0.00795334040296925
chr3	6943714.5	65	0.00689289501590668
chr3	7530818.5	61	0.00646871686108165
chr3	8079408.5	140	0.0148462354188759
chr3	9278735.5	150	0.0159066808059385
chr3	9997234	56	0.00593849416755037
chr3	10459041	53	0.0056203605514316
chr3	12691907.5	19	0.00201484623541888
chr3	13301251	24	0.00254506892895016
chr3	13799816	0	0
chr3	14813213	56	0.00593849416755037
chr3	15617115	69	0.00731707317073171
chr3	16271696.5	169	0.0179215270413574
chr3	16738876.5	78	0.00827147401908802
chr3	18652632	69	0.00731707317073171
chr3	18996867	133	0.0141039236479321
chr3	19479555.5	30	0.0031813361611877
chr3	20002026	24	0.00254506892895016
chr3	20406729.5	45	0.00477200424178155
chr3	21070345.5	17	0.00180275715800636
chr3	21521222	50	0.00530222693531283
chr3	22060657.5	30	0.0031813361611877
chr3	22514262.5	64	0.00678685047720042
chr3	23009383	56	0.00593849416755037
chr3	1188255	48	0.00509013785790032
chr3	1682854	49	0.00519618239660657
chr3	2167842	36	0.00381760339342524
chr3	2846606	62	0.00657476139978791
chr3	3817375.5	42	0.00445387062566278
chr3	5396096	24	0.00254506892895016
chr3	6209818.5	16	0.00169671261930011
chr3	7908011	83	0.0088016967126193
chr3	10141427.5	75	0.00795334040296925
chr3	10732966	69	0.00731707317073171
chr3	12301361.5	22	0.00233297985153765
chr3	13799835.5	5	0.000530222693531283
chr3	14174447.5	12	0.00127253446447508
chr3	14883407.5	10	0.00106044538706257
chr3	15718083.5	39	0.00413573700954401
chr3	17612400	55	0.00583244962884411
chr3	18515602	101	0.0107104984093319
chr3	19597971	84	0.00890774125132556
chr3	19864174	59	0.00625662778366914
chr3	20128517	40	0.00424178154825027
chr3	20538109.5	55	0.00583244962884411
chr3	21104708.5	13	0.00137857900318134
chr3	21789028	20	0.00212089077412513
chr3	22173033.5	24	0.00254506892895016
chr3	858454.5	72	0.00763520678685048
chr3	2177390.5	15	0.00159066808059385
chr3	3075713.5	29	0.00307529162248144
chr3	3970293	45	0.00477200424178155
chr3	5613040.5	38	0.00402969247083775
chr3	8796614.5	27	0.00286320254506893
chr3	9603414.5	81	0.00858960763520679
chr3	10214394.5	89	0.00943796394485684
chr3	10603234.5	175	0.0185577942735949
chr3	13519279.5	3	0.00031813361611877
chr3	18068846	52	0.00551431601272534
chr3	19606046.5	23	0.0024390243902439
chr3	21271216	23	0.0024390243902439
chr3	22829232.5	9	0.00095440084835631
chr3	2039670	13	0.00137857900318134
chr3	2403633.5	52	0.00551431601272534
chr3	4832482.5	62	0.00657476139978791
chr3	7955772.5	77	0.00816542948038176
chr3	11692018	53	0.0056203605514316
chr3	14908155	17	0.00180275715800636
chr3	19254994.5	22	0.00233297985153765
chr3	20678470	49	0.00519618239660657
chr3	20903838	22	0.00233297985153765
chr3	22767633	22	0.00233297985153765
chr3	23150377.5	23	0.0024390243902439
chr3	1790945.5	12	0.00127253446447508
chr3	7412923	40	0.00424178154825027
chr3	11927003	63	0.00668080593849417
chr3	14433060	2	0.000212089077412513
chr3	15142020	11	0.00116648992576882
chr3	16280205.5	141	0.0149522799575822
chr3	17363574	33	0.00349946977730647
chr3	21649573	14	0.00148462354188759
chr3	1107179	13	0.00137857900318134
chr3	2748535	20	0.00212089077412513
chr3	4937881	21	0.00222693531283139
chr3	6825819	75	0.00795334040296925
chr3	10977612.5	55	0.00583244962884411
chr3	11427932.5	67	0.00710498409331919
chr3	12886055	17	0.00180275715800636
chr3	14508795.5	30	0.0031813361611877
chr3	17254096.5	106	0.0112407211028632
chr3	6098159	28	0.00296924708377519
chr3	8421266.5	53	0.0056203605514316
chr3	11053554.5	118	0.0125132555673383
chr3	12266875.5	16	0.00169671261930011
chr3	13140304.5	1	0.000106044538706257
chr3	14603737.5	14	0.00148462354188759
chr3	19115282.5	65	0.00689289501590668
chr3	7996312.5	64	0.00678685047720042
chr3	9747608	108	0.0114528101802757
chr3	12530961	11	0.00116648992576882
chr3	12946176.5	56	0.00593849416755037
chr3	14314648	7	0.000742311770943796
chr3	20976357.5	26	0.00275715800636267
chr3	21410671	27	0.00286320254506893
chr3	8167710	37	0.00392364793213149
chr3	12708267	13	0.00137857900318134
chr3	13317610.5	11	0.00116648992576882
chr3	18272948	56	0.00593849416755037
chr3	16170728	84	0.00890774125132556
chr3	20273766.5	20	0.00212089077412513
chr3	22062482.5	18	0.00190880169671262
chr3	1447000	36	0.00381760339342524
chr3	4770952	20	0.00212089077412513
chr3	5671315	3	0.00031813361611877
chr3	14978349.5	26	0.00275715800636267
chr3	20142386.5	17	0.00180275715800636
chr3	14508776	24	0.00254506892895016
chr3	16075786	40	0.00424178154825027
chr3	20844977.5	10	0.00106044538706257
chr3	21682300.5	9	0.00095440084835631
chr3	1564702.5	10	0.00106044538706257
chr3	16920630.5	10	0.00106044538706257
chr3	20400257.5	11	0.00116648992576882
chr3	1909097	9	0.00095440084835631
chr3	4255318	22	0.00233297985153765
chr3	10477384.5	6	0.00063626723223754
chr3	10722031	14	0.00148462354188759
chr3	11816555.5	30	0.0031813361611877
chr3	21810651.5	10	0.00106044538706257
chr3	976606	20	0.00212089077412513
chr3	2910405.5	3	0.00031813361611877
chr3	3353378	6	0.00063626723223754
chr3	10333191	19	0.00201484623541888
chr3	10851762.5	17	0.00180275715800636
chr3	17735380	25	0.00265111346765642
chr3	2772685	21	0.00222693531283139
chr4	321681	128	0.0157344806392133
chr4	690344	247	0.0303626306084819
chr4	1229481.5	140	0.0172095881991395
chr4	1647688	182	0.0223724646588814
chr4	1942857	11	0.00135218192993239
chr4	2439537	3	0.000368776889981561
chr4	2888959	103	0.0126613398893669
chr4	3186455.5	5	0.000614628149969269
chr4	3637018	2	0.000245851259987707
chr4	4549936	38	0.00467117393976644
chr4	5420284.5	123	0.015119852489244
chr4	5787770.5	123	0.015119852489244
chr4	6112377	164	0.020159803318992
chr4	6817051	342	0.042040565457898
chr4	7532882.5	145	0.0178242163491088
chr4	7829895.5	82	0.010079901659496
chr4	7984872.5	26	0.0031960663798402
chr4	8601363.5	184	0.0226183159188691
chr4	9371931	58	0.00712968653964352
chr4	9832936	48	0.00590043023970498
chr4	10218367	23	0.00282728948985864
chr4	10682044	103	0.0126613398893669
chr4	11567872.5	34	0.00417947141979103
chr4	12278960.5	41	0.005039950829748
chr4	12707748.5	97	0.0119237861094038
chr4	13222018	103	0.0126613398893669
chr4	13628106	42	0.00516287645974186
chr4	14373027.5	14	0.00172095881991395
chr4	15141707	29	0.00356484326982176
chr4	15594409.5	52	0.00639213275968039
chr4	15982648.5	32	0.00393362015980332
chr4	16269814	72	0.00885064535955747
chr4	16462586.5	21	0.00258143822987093
chr4	16759638.5	129	0.0158574062692071
chr4	17178388	40	0.00491702519975415
chr4	17431788.5	99	0.0121696373693915
chr4	17971993	70	0.00860479409956976
chr4	18491434	53	0.00651505838967425
chr4	2243525	15	0.00184388444990781
chr4	2579737	2	0.000245851259987707
chr4	6636224	48	0.00590043023970498
chr4	7637911	63	0.00774431468961278
chr4	9961387	107	0.0131530424093423
chr4	10477296	54	0.0066379840196681
chr4	10964084	73	0.00897357098955132
chr4	11440186.5	45	0.00553165334972342
chr4	11839227	70	0.00860479409956976
chr4	13874152.5	25	0.00307314074984634
chr4	14458953	23	0.00282728948985864
chr4	16734616	61	0.00749846342962508
chr4	17799708.5	145	0.0178242163491088
chr4	18161660	45	0.00553165334972342
chr4	18333944.5	33	0.00405654578979717
chr4	2279069	2	0.000245851259987707
chr4	4466859.5	56	0.00688383527965581
chr4	7879844	32	0.00393362015980332
chr4	10348845	51	0.00626920712968654
chr4	11999712.5	157	0.019299323909035
chr4	13714031.5	22	0.00270436385986478
chr4	13997920	19	0.00233558696988322
chr4	14386213	100	0.0122925629993854
chr4	14847246	55	0.00676090964966195
chr4	15410530.5	33	0.00405654578979717
chr4	16294836.5	14	0.00172095881991395
chr4	17693028	168	0.0206515058389674
chr4	1364182.5	83	0.0102028272894899
chr4	3073245.5	30	0.00368776889981561
chr4	6460722.5	111	0.0136447449293178
chr4	9628911	45	0.00553165334972342
chr4	11288624.5	51	0.00626920712968654
chr4	12547263	44	0.00540872771972956
chr4	13382139	27	0.00331899200983405
chr4	14680674	22	0.00270436385986478
chr4	15881575	15	0.00184388444990781
chr4	17285068.5	66	0.00811309157959435
chr4	3143509.5	7	0.000860479409956976
chr4	8155242	57	0.00700676090964966
chr4	8876761.5	58	0.00712968653964352
chr4	9757362	131	0.0161032575291948
chr4	11719434.5	85	0.0104486785494776
chr4	13113836.5	43	0.00528580208973571
chr4	18419861.5	5	0.000614628149969269
chr4	973849.5	101	0.0124154886293792
chr4	3276617	1	0.000122925629993854
chr4	4906750	127	0.0156115550092194
chr4	5968597.5	130	0.015980331899201
chr4	6505730	76	0.00934234787953288
chr4	7221561.5	84	0.0103257529194837
chr4	8260270.5	73	0.00897357098955132
chr4	9080786.5	91	0.0111862323294407
chr4	10812522	86	0.0105716041794714
chr4	15713825	47	0.00577750460971112
chr4	16906358.5	59	0.00725261216963737
chr4	577313	106	0.0130301167793485
chr4	6268738	113	0.0138905961893055
chr4	8310219	38	0.00467117393976644
chr4	14949497.5	22	0.00270436385986478
chr4	16150398.5	36	0.00442532267977873
chr4	17900420.5	13	0.0015980331899201
chr4	1948356	11	0.00135218192993239
chr4	4644766.5	15	0.00184388444990781
chr4	5515115	35	0.00430239704978488
chr4	11168832	33	0.00405654578979717
chr4	14348371	37	0.00454824830977259
chr4	15031125	19	0.00233558696988322
chr4	1808156	55	0.00676090964966195
chr4	2692947	5	0.000614628149969269
chr4	3385569.5	2	0.000245851259987707
chr4	3651845.5	0	0
chr4	4036401.5	6	0.000737553779963122
chr4	4683043.5	4	0.000491702519975415
chr4	5564064	101	0.0124154886293792
chr4	7114064	89	0.010940381069453
chr4	14496795	50	0.00614628149969269
chr4	1108550.5	40	0.00491702519975415
chr4	2083057	3	0.000368776889981561
chr4	4283660	19	0.00233558696988322
chr4	7009035.5	48	0.00590043023970498
chr4	13468064.5	19	0.00233558696988322
chr4	15299948.5	29	0.00356484326982176
chr4	18233232.5	30	0.00368776889981561
chr4	3354782.5	43	0.00528580208973571
chr4	10296613	46	0.00565457897971727
chr4	13911994.5	8	0.00098340503995083
chr4	16881336	53	0.00651505838967425
chr4	860818.5	60	0.00737553779963122
chr4	8755440	39	0.00479409956976029
chr4	12953715.5	30	0.00368776889981561
chr4	14262445.5	24	0.00295021511985249
chr4	3585839	1	0.000122925629993854
chr4	16566866	16	0.00196681007990166
chr4	17647020	28	0.0034419176398279
chr4	1269018.5	53	0.00651505838967425
chr4	2552747	0	0
chr4	9466217.5	60	0.00737553779963122
chr4	1524650.5	17	0.00208973570989551
chr4	4099373.5	8	0.00098340503995083
chr4	11728358	37	0.00454824830977259
chr4	18319149.5	10	0.00122925629993854
chr4	3790151.5	6	0.000737553779963122
chr4	5291408.5	15	0.00184388444990781
chr4	7029577	39	0.00479409956976029
chr4	12148222.5	25	0.00307314074984634
chr4	6324903	25	0.00307314074984634
chr4	10824947.5	33	0.00405654578979717
chr5	149360	72	0.00662861351500644
chr5	389733.5	45	0.00414288344687903
chr5	946411	43	0.0039587552936844
chr5	1494100.5	59	0.00543178051924139
chr5	1760304	71	0.00653654943840913
chr5	2073277	83	0.00764131835757687
chr5	2482847	21	0.00193334560854355
chr5	2949565.5	35	0.00322224268090591
chr5	3391164	106	0.00975879211931504
chr5	3926579	117	0.0107714969618855
chr5	4785615	45	0.00414288344687903
chr5	5436756	37	0.00340637083410053
chr5	5795755	53	0.00487939605965752
chr5	6287374	119	0.0109556251150801
chr5	6660239.5	47	0.00432701160007365
chr5	6924303.5	96	0.00883815135334193
chr5	7430312.5	44	0.00405081937028172
chr5	8120337	142	0.0130730988768183
chr5	8892773.5	334	0.0307494015835021
chr5	10070443	162	0.0149143804087645
chr5	11211075	28	0.00257779414472473
chr5	12108760.5	15	0.00138096114895968
chr5	13181254	4	0.000368256306389247
chr5	13816515	16	0.00147302522555699
chr5	14075948	29	0.00266985822132204
chr5	14440184.5	41	0.00377462714048978
chr5	14735955.5	65	0.00598416497882526
chr5	15088730.5	157	0.0144540600257779
chr5	15374600	66	0.00607622905542257
chr5	15672423.5	94	0.0086540232001473
chr5	16231012	145	0.0133492911066102
chr5	16700204	73	0.00672067759160376
chr5	16966122.5	90	0.00828576689375806
chr5	17353459.5	96	0.00883815135334193
chr5	17775397.5	132	0.0121524581108451
chr5	18024229.5	56	0.00515558828944946
chr5	18363589	141	0.012981034800221
chr5	18979476	41	0.00377462714048978
chr5	19508982.5	60	0.0055238445958387
chr5	19998763.5	35	0.00322224268090591
chr5	20544450	72	0.00662861351500644
chr5	21041527	118	0.0108635610384828
chr5	21526019	128	0.0117842018044559
chr5	21829645.5	44	0.00405081937028172
chr5	22052430.5	112	0.0103111765788989
chr5	22241577.5	19	0.00174921745534892
chr5	22669029.5	104	0.00957466396612042
chr5	23165403.5	35	0.00322224268090591
chr5	23360131.5	44	0.00405081937028172
chr5	23622048.5	22	0.00202540968514086
chr5	24164013	42	0.00386669121708709
chr5	24644220.5	29	0.00266985822132204
chr5	25184663	230	0.0211747376173817
chr5	25647970.5	10	0.000920640765973117
chr5	25791662.5	61	0.00561590867243602
chr5	25969894.5	60	0.0055238445958387
chr5	26197333.5	60	0.0055238445958387
chr5	524806.5	121	0.0111397532682747
chr5	972476	116	0.0106794328852882
chr5	1275724	45	0.00414288344687903
chr5	2258442.5	2	0.000184128153194623
chr5	2511874.5	76	0.00699686982139569
chr5	2820192	10	0.000920640765973117
chr5	3261790.5	62	0.00570797274903333
chr5	3738918.5	10	0.000920640765973117
chr5	4046021.5	9	0.000828576689375806
chr5	4340882	23	0.00211747376173817
chr5	4729322.5	97	0.00893021542993924
chr5	5174055.5	43	0.0039587552936844
chr5	5667952.5	34	0.0031301786043086
chr5	5927743.5	37	0.00340637083410053
chr5	7737354.5	33	0.00303811452771129
chr5	9923513.5	73	0.00672067759160376
chr5	10711483	34	0.0031301786043086
chr5	11286769.5	5	0.000460320382986559
chr5	12837406.5	3	0.000276192229791935
chr5	13154274	7	0.000644448536181182
chr5	13328868	6	0.00055238445958387
chr5	13615165.5	51	0.0046952679064629
chr5	13962023.5	27	0.00248573006812742
chr5	14221456.5	36	0.00331430675750322
chr5	14929859	49	0.00451113975326827
chr5	16347473	59	0.00543178051924139
chr5	18398224	89	0.00819370281716074
chr5	19202316.5	41	0.00377462714048978
chr5	19710149.5	4	0.000368256306389247
chr5	20011725	26	0.00239366599153011
chr5	21598119.5	83	0.00764131835757687
chr5	22090893	36	0.00331430675750322
chr5	23933365.5	46	0.00423494752347634
chr5	24300756.5	99	0.00911434358313386
chr5	26233649	115	0.0105873688086908
chr5	402789.5	68	0.0062603572086172
chr5	1081484	79	0.00727306205118763
chr5	2102304.5	20	0.00184128153194623
chr5	3177877.5	12	0.00110476891916774
chr5	6930095.5	28	0.00257779414472473
chr5	7577142	75	0.00690480574479838
chr5	7918888.5	25	0.00230160191493279
chr5	9256670.5	82	0.00754925428097956
chr5	11291455	0	0
chr5	11930724.5	0	0
chr5	12712235	0	0
chr5	13498121.5	23	0.00211747376173817
chr5	13994119.5	83	0.00764131835757687
chr5	15021825	34	0.0031301786043086
chr5	17840171	20	0.00184128153194623
chr5	19167681.5	47	0.00432701160007365
chr5	21028942	80	0.00736512612778494
chr5	22776414	117	0.0107714969618855
chr5	23534705	44	0.00405081937028172
chr5	25107528	51	0.0046952679064629
chr5	719046.5	98	0.00902227950653655
chr5	1807073.5	22	0.00202540968514086
chr5	2566760	29	0.00266985822132204
chr5	3033478.5	41	0.00377462714048978
chr5	3510606.5	15	0.00138096114895968
chr5	4153221.5	13	0.00119683299576505
chr5	5405252	32	0.00294605045111398
chr5	6300609	64	0.00589210090222795
chr5	7307286	92	0.00846989504695268
chr5	9619718	77	0.007088933897993
chr5	10331993	87	0.00800957466396612
chr5	10858412.5	15	0.00138096114895968
chr5	13271318	15	0.00138096114895968
chr5	14011498	18	0.00165715337875161
chr5	15580457.5	78	0.00718099797459031
chr5	17537518	81	0.00745719020438225
chr5	19014111	152	0.0139937396427914
chr5	19897294.5	8	0.000736512612778494
chr5	20198870	26	0.00239366599153011
chr5	20797416	38	0.00349843491069785
chr5	22018792.5	38	0.00349843491069785
chr5	24276829.5	65	0.00598416497882526
chr5	25755981	31	0.00285398637451666
chr5	1650935.5	29	0.00266985822132204
chr5	6783266	23	0.00211747376173817
chr5	7194159.5	67	0.00616829313201989
chr5	8987301.5	46	0.00423494752347634
chr5	9714246	20	0.00184128153194623
chr5	10185063.5	175	0.0161112134045296
chr5	10635788.5	20	0.00184128153194623
chr5	11644117.5	0	0
chr5	12113446	0	0
chr5	14212847.5	53	0.00487939605965752
chr5	16025154.5	112	0.0103111765788989
chr5	16849661.5	15	0.00138096114895968
chr5	17876877.5	0	0
chr5	19521944	15	0.00138096114895968
chr5	19910256	48	0.00441907567667096
chr5	20442981	39	0.00359049898729516
chr5	22630567	97	0.00893021542993924
chr5	23427320.5	21	0.00193334560854355
chr5	1385092.5	19	0.00174921745534892
chr5	1945469.5	21	0.00193334560854355
chr5	2595787.5	22	0.00202540968514086
chr5	4033779	10	0.000920640765973117
chr5	5273263.5	22	0.00202540968514086
chr5	8349578.5	121	0.0111397532682747
chr5	9452696	3	0.000276192229791935
chr5	15780181	43	0.0039587552936844
chr5	16338769.5	26	0.00239366599153011
chr5	18298815.5	28	0.00257779414472473
chr5	18672810	15	0.00138096114895968
chr5	20255836	20	0.00184128153194623
chr5	21273053	59	0.00543178051924139
chr5	23252747	38	0.00349843491069785
chr5	26341659.5	38	0.00349843491069785
chr5	643163	68	0.0062603572086172
chr5	1698065.5	17	0.0015650893021543
chr5	4892815	45	0.00414288344687903
chr5	7071133	32	0.00294605045111398
chr5	9154323.5	162	0.0149143804087645
chr5	13440571.5	13	0.00119683299576505
chr5	14884925.5	42	0.00386669121708709
chr5	16291073	45	0.00414288344687903
chr5	23671448.5	8	0.000736512612778494
chr5	6551438	19	0.00174921745534892
chr5	8225930.5	32	0.00294605045111398
chr5	14599056	43	0.0039587552936844
chr5	17204002	15	0.00138096114895968
chr5	22863757.5	23	0.00211747376173817
chr5	24413573	27	0.00248573006812742
chr5	26411881	106	0.00975879211931504
chr5	3805467	36	0.00331430675750322
chr5	5568744.5	25	0.00230160191493279
chr5	12015415.5	2	0.000184128153194623
chr5	13647261.5	32	0.00294605045111398
chr5	1836101	22	0.00202540968514086
chr5	4622122.5	29	0.00266985822132204
chr5	6159571.5	52	0.00478733198306021
chr5	7884184	116	0.0106794328852882
chr5	15180696.5	7	0.000644448536181182
chr5	16496930.5	0	0
chr5	21980330	22	0.00202540968514086
chr5	23758792	36	0.00331430675750322
chr5	25861884	10	0.000920640765973117
chr5	8585731.5	66	0.00607622905542257
chr5	13012000.5	9	0.000828576689375806
chr5	14517227.5	36	0.00331430675750322
chr5	25071846.5	46	0.00423494752347634
chr5	17087541	22	0.00202540968514086
chr5	1190852.5	34	0.0031301786043086
chr5	2326709	20	0.00184128153194623
chr5	11997271	5	0.000460320382986559
chr5	20508802	40	0.00368256306389247
chr5	22737951.5	46	0.00423494752347634
chr5	24102256	26	0.00239366599153011
chr5	25826202.5	17	0.0015650893021543
chr5	4992023	15	0.00138096114895968
chr5	11488996	27	0.00248573006812742
chr5	13472667.5	12	0.00110476891916774
chr5	828054.5	24	0.00220953783833548
chr5	6428411.5	11	0.00101270484257043
chr5	10407687.5	18	0.00165715337875161
chr5	12542672	1	9.20640765973117e-05
chr5	267716.5	32	0.00294605045111398
chr5	1055779.5	37	0.00340637083410053
chr5	3698267	13	0.00119683299576505
chr5	25220344.5	19	0.00174921745534892
