chr	size	sample	num_plants	shape	rate
1	30427671	P2	443	3.98541214500115	1.90047102285846
1	30427671	P3	379	2.57050773502578	1.5127677508925
1	30427671	P6	451	2.6414705377083	1.60121399530436
1	30427671	P7	418	2.55247948688067	1.38743358324593
1	30427671	P8	427	2.63421945295607	1.56877504381066
1	30427671	P9	445	2.16828478964401	1.44012944983819
1	30427671	P10	409	2.40825657079795	1.50608094412288
1	30427671	P12	453	1.99590074333188	1.31225404459991
1	30427671	P15	434	2.79194477840886	1.65082293437254
1	30427671	P19	384	3.3378487570702	1.61224392794334
1	30427671	P20	342	2.88215326094807	1.42441678503503
1	30427671	P35	438	2.55298584742837	1.62530203658958
1	30427671	P66	435	2.95912268168953	1.591122826372
1	30427671	P129	462	1.74055155863744	1.33799470896921
1	30427671	P145	234	2.86634557495485	1.62010836845274
1	30427671	P169	447	2.35800956114172	1.4845496814512
