chr	size	sample	num_plants	shape	rate
4	18585056	P2	443	1.55188719800533	1.20611583985327
4	18585056	P3	379	1.42885961351587	1.12352239320024
4	18585056	P6	451	1.76824542254817	1.48506272917919
4	18585056	P7	418	1.656219449077	1.44229110357122
4	18585056	P8	427	1.86044472502806	1.54254349046016
4	18585056	P9	445	1.7866291572555	1.54678983458891
4	18585056	P10	409	1.54039335080836	1.44832386317383
4	18585056	P12	453	1.75580353810555	1.63995670672539
4	18585056	P15	434	1.90165261571102	1.58106750041874
4	18585056	P19	384	1.84219692327539	1.47992388815429
4	18585056	P20	342	1.63440860215054	1.2258064516129
4	18585056	P35	438	1.41480872431488	1.41158592539845
4	18585056	P66	435	1.87418773548845	1.55586195598755
4	18585056	P129	462	1.5	1.5
4	18585056	P145	234	1.67700317402325	1.44803964103852
4	18585056	P169	447	1.68414947986516	1.42578563920403
